location,year,month,day,hour,minutes,seconds,temperature(C)
studyroom,2017,8,19,22,43,8,21.81
studyroom,2017,8,19,22,44,8,21.69
studyroom,2017,8,19,22,45,9,21.56
studyroom,2017,8,19,22,46,9,21.44
studyroom,2017,8,19,22,47,10,21.38
studyroom,2017,8,19,22,48,10,21.38
studyroom,2017,8,19,22,49,11,21.31
studyroom,2017,8,19,22,50,12,21.25
studyroom,2017,8,19,22,51,12,21.25
studyroom,2017,8,19,22,52,13,21.19
studyroom,2017,8,19,22,53,14,21.12
studyroom,2017,8,19,22,54,14,21.12
studyroom,2017,8,19,22,55,15,21.12
studyroom,2017,8,19,22,56,16,21.12
studyroom,2017,8,19,22,57,16,21.06
studyroom,2017,8,19,22,58,17,21.06
studyroom,2017,8,19,22,59,18,21.06
studyroom,2017,8,19,23,0,18,21.06
studyroom,2017,8,19,23,1,19,21.06
studyroom,2017,8,19,23,2,20,21.06
studyroom,2017,8,19,23,3,20,21.06
studyroom,2017,8,19,23,4,21,21.06
studyroom,2017,8,19,23,5,22,21.06
studyroom,2017,8,19,23,6,22,21.06
studyroom,2017,8,19,23,7,23,21.06
studyroom,2017,8,19,23,8,24,21.12
studyroom,2017,8,19,23,9,24,21.12
studyroom,2017,8,19,23,10,25,21.06
studyroom,2017,8,19,23,11,25,21.06
studyroom,2017,8,19,23,12,26,21.06
studyroom,2017,8,19,23,13,27,21.06
studyroom,2017,8,19,23,14,27,21.06
studyroom,2017,8,19,23,15,28,21.06
studyroom,2017,8,19,23,16,29,21.06
studyroom,2017,8,19,23,17,29,21.12
studyroom,2017,8,19,23,18,30,21.12
studyroom,2017,8,19,23,19,30,21.12
studyroom,2017,8,19,23,20,31,21.12
studyroom,2017,8,19,23,21,32,21.12
studyroom,2017,8,19,23,22,32,21.12
studyroom,2017,8,19,23,23,33,21.12
studyroom,2017,8,19,23,24,33,21.12
studyroom,2017,8,19,23,25,34,21.12
studyroom,2017,8,19,23,26,35,21.06
studyroom,2017,8,19,23,27,35,21.00
studyroom,2017,8,19,23,28,36,21.06
studyroom,2017,8,19,23,29,37,21.06
studyroom,2017,8,19,23,30,37,21.06
studyroom,2017,8,19,23,31,38,21.00
studyroom,2017,8,19,23,32,38,21.06
studyroom,2017,8,19,23,33,39,21.06
studyroom,2017,8,19,23,34,40,21.19
studyroom,2017,8,19,23,35,40,21.25
studyroom,2017,8,19,23,36,41,21.31
studyroom,2017,8,19,23,37,42,21.31
studyroom,2017,8,19,23,38,42,21.25
studyroom,2017,8,19,23,39,43,21.25
studyroom,2017,8,19,23,40,43,21.19
studyroom,2017,8,19,23,41,44,21.19
studyroom,2017,8,19,23,42,45,21.12
studyroom,2017,8,19,23,43,45,21.12
studyroom,2017,8,19,23,44,46,21.12
studyroom,2017,8,19,23,45,47,21.12
studyroom,2017,8,19,23,46,47,21.12
studyroom,2017,8,19,23,47,48,21.12
studyroom,2017,8,19,23,48,48,21.12
studyroom,2017,8,19,23,49,49,21.12
studyroom,2017,8,19,23,50,50,21.12
studyroom,2017,8,19,23,51,50,21.19
studyroom,2017,8,19,23,52,51,21.12
studyroom,2017,8,19,23,53,51,21.12
studyroom,2017,8,19,23,54,52,21.12
studyroom,2017,8,19,23,55,53,21.12
studyroom,2017,8,19,23,56,53,21.12
studyroom,2017,8,19,23,57,54,21.12
studyroom,2017,8,19,23,58,54,21.12
studyroom,2017,8,19,23,59,55,21.12
studyroom,2017,8,19,24,0,56,21.12
studyroom,2017,8,19,24,1,56,21.12
studyroom,2017,8,19,24,2,57,21.12
studyroom,2017,8,19,24,3,57,21.12
studyroom,2017,8,19,24,4,58,21.12
studyroom,2017,8,19,24,5,59,21.12
studyroom,2017,8,19,24,6,59,21.12
studyroom,2017,8,19,24,8,0,21.12
studyroom,2017,8,19,24,9,0,21.19
studyroom,2017,8,19,24,10,1,21.25
studyroom,2017,8,19,24,11,2,21.25
studyroom,2017,8,19,24,12,2,21.25
studyroom,2017,8,19,24,13,3,21.31
studyroom,2017,8,19,24,14,3,21.25
studyroom,2017,8,19,24,15,4,21.25
studyroom,2017,8,19,24,16,4,21.25
studyroom,2017,8,19,24,17,5,21.19
studyroom,2017,8,19,24,18,6,21.19
studyroom,2017,8,19,24,19,6,21.19
studyroom,2017,8,19,24,20,7,21.19
studyroom,2017,8,19,24,21,7,21.19
studyroom,2017,8,19,24,22,8,21.19
studyroom,2017,8,19,24,23,8,21.19
studyroom,2017,8,19,24,24,9,21.12
studyroom,2017,8,19,24,25,10,21.19
studyroom,2017,8,19,24,26,10,21.19
studyroom,2017,8,19,24,27,11,21.19
studyroom,2017,8,19,24,28,11,21.19
studyroom,2017,8,19,24,29,12,21.12
studyroom,2017,8,19,24,30,13,21.19
studyroom,2017,8,19,24,31,13,21.19
studyroom,2017,8,19,24,32,14,21.19
studyroom,2017,8,19,24,33,14,21.19
studyroom,2017,8,19,24,34,15,21.12
studyroom,2017,8,19,24,35,16,21.12
studyroom,2017,8,19,24,36,16,21.12
studyroom,2017,8,19,24,37,17,21.12
studyroom,2017,8,19,24,38,18,21.06
studyroom,2017,8,19,24,39,18,21.06
studyroom,2017,8,19,24,40,19,21.06
studyroom,2017,8,19,24,41,20,21.06
studyroom,2017,8,19,24,42,21,21.06
studyroom,2017,8,19,24,43,21,21.06
studyroom,2017,8,19,24,44,22,21.06
studyroom,2017,8,19,24,45,23,21.06
studyroom,2017,8,19,24,46,23,21.06
studyroom,2017,8,19,24,47,24,21.06
studyroom,2017,8,19,24,48,25,21.06
studyroom,2017,8,19,24,49,25,21.00
studyroom,2017,8,19,24,50,26,21.06
studyroom,2017,8,19,24,51,27,21.00
studyroom,2017,8,19,24,52,27,21.00
studyroom,2017,8,19,24,53,28,21.00
studyroom,2017,8,19,24,54,29,21.00
studyroom,2017,8,19,24,55,29,21.00
studyroom,2017,8,19,24,56,30,21.00
studyroom,2017,8,19,24,57,31,21.00
studyroom,2017,8,19,24,58,32,21.00
studyroom,2017,8,19,24,59,32,21.00
studyroom,2017,8,19,25,0,33,21.00
studyroom,2017,8,19,25,1,34,21.00
studyroom,2017,8,19,25,2,34,21.00
studyroom,2017,8,19,25,3,35,21.00
studyroom,2017,8,19,25,4,36,21.00
studyroom,2017,8,19,25,5,36,21.00
studyroom,2017,8,19,25,6,37,21.00
studyroom,2017,8,19,25,7,38,21.00
studyroom,2017,8,19,25,8,38,21.00
studyroom,2017,8,19,25,9,39,21.00
studyroom,2017,8,19,25,10,40,21.00
studyroom,2017,8,19,25,11,41,21.06
studyroom,2017,8,19,25,12,41,21.00
studyroom,2017,8,19,25,13,42,21.00
studyroom,2017,8,19,25,14,43,21.00
studyroom,2017,8,19,25,15,43,21.00
studyroom,2017,8,19,25,16,44,21.00
studyroom,2017,8,19,25,17,45,21.06
studyroom,2017,8,19,25,18,45,21.00
studyroom,2017,8,19,25,19,46,21.00
studyroom,2017,8,19,25,20,47,21.00
studyroom,2017,8,19,25,21,47,21.00
studyroom,2017,8,19,25,22,48,21.00
studyroom,2017,8,19,25,23,49,21.00
studyroom,2017,8,19,25,24,49,21.00
studyroom,2017,8,19,25,25,50,21.00
studyroom,2017,8,19,25,26,51,21.00
studyroom,2017,8,19,25,27,51,21.00
studyroom,2017,8,19,25,28,52,21.00
studyroom,2017,8,19,25,29,53,21.00
studyroom,2017,8,19,25,30,54,21.00
studyroom,2017,8,19,25,31,54,21.00
studyroom,2017,8,19,25,32,55,21.00
studyroom,2017,8,19,25,33,56,21.00
studyroom,2017,8,19,25,34,56,21.00
studyroom,2017,8,19,25,35,57,21.00
studyroom,2017,8,19,25,36,58,21.00
studyroom,2017,8,19,25,37,58,21.06
studyroom,2017,8,19,25,38,59,21.06
studyroom,2017,8,19,25,40,0,21.00
studyroom,2017,8,19,25,41,0,21.00
studyroom,2017,8,19,25,42,1,21.06
studyroom,2017,8,19,25,43,2,21.06
studyroom,2017,8,19,25,44,2,21.06
studyroom,2017,8,19,25,45,3,21.06
studyroom,2017,8,19,25,46,4,21.00
studyroom,2017,8,19,25,47,4,21.00
studyroom,2017,8,19,25,48,5,21.00
studyroom,2017,8,19,25,49,6,21.00
studyroom,2017,8,19,25,50,6,21.00
studyroom,2017,8,19,25,51,7,21.00
studyroom,2017,8,19,25,52,8,21.00
studyroom,2017,8,19,25,53,9,21.00
studyroom,2017,8,19,25,54,9,21.00
studyroom,2017,8,19,25,55,10,21.00
studyroom,2017,8,19,25,56,11,21.06
studyroom,2017,8,19,25,57,11,21.06
studyroom,2017,8,19,25,58,12,21.00
studyroom,2017,8,19,25,59,13,21.00
studyroom,2017,8,20,2,0,14,21.00
studyroom,2017,8,20,2,1,14,21.00
studyroom,2017,8,20,2,2,15,21.00
studyroom,2017,8,20,2,3,16,21.00
studyroom,2017,8,20,2,4,16,21.00
studyroom,2017,8,20,2,5,17,21.00
studyroom,2017,8,20,2,6,18,21.00
studyroom,2017,8,20,2,7,19,21.00
studyroom,2017,8,20,2,8,19,21.00
studyroom,2017,8,20,2,9,20,21.00
studyroom,2017,8,20,2,10,21,21.00
studyroom,2017,8,20,2,11,22,21.00
studyroom,2017,8,20,2,12,22,21.00
studyroom,2017,8,20,2,13,23,21.00
studyroom,2017,8,20,2,14,24,21.00
studyroom,2017,8,20,2,15,24,21.00
studyroom,2017,8,20,2,16,25,21.00
studyroom,2017,8,20,2,17,26,21.00
studyroom,2017,8,20,2,18,27,21.00
studyroom,2017,8,20,2,19,27,20.94
studyroom,2017,8,20,2,20,28,20.94
studyroom,2017,8,20,2,21,29,20.94
studyroom,2017,8,20,2,22,30,20.94
studyroom,2017,8,20,2,23,30,20.94
studyroom,2017,8,20,2,24,31,20.94
studyroom,2017,8,20,2,25,32,20.94
studyroom,2017,8,20,2,26,33,20.94
studyroom,2017,8,20,2,27,33,20.94
studyroom,2017,8,20,2,28,34,20.94
studyroom,2017,8,20,2,29,35,20.94
studyroom,2017,8,20,2,30,36,20.88
studyroom,2017,8,20,2,31,36,20.88
studyroom,2017,8,20,2,32,37,20.88
studyroom,2017,8,20,2,33,38,20.88
studyroom,2017,8,20,2,34,39,20.88
studyroom,2017,8,20,2,35,40,20.88
studyroom,2017,8,20,2,36,40,20.88
studyroom,2017,8,20,2,37,41,20.88
studyroom,2017,8,20,2,38,42,20.88
studyroom,2017,8,20,2,39,43,20.88
studyroom,2017,8,20,2,40,43,20.88
studyroom,2017,8,20,2,41,44,20.81
studyroom,2017,8,20,2,42,45,20.88
studyroom,2017,8,20,2,43,46,20.81
studyroom,2017,8,20,2,44,47,20.81
studyroom,2017,8,20,2,45,47,20.81
studyroom,2017,8,20,2,46,48,20.81
studyroom,2017,8,20,2,47,49,20.81
studyroom,2017,8,20,2,48,50,20.81
studyroom,2017,8,20,2,49,51,20.81
studyroom,2017,8,20,2,50,51,20.81
studyroom,2017,8,20,2,51,52,20.75
studyroom,2017,8,20,2,52,53,20.75
studyroom,2017,8,20,2,53,54,20.75
studyroom,2017,8,20,2,54,55,20.81
studyroom,2017,8,20,2,55,55,20.81
studyroom,2017,8,20,2,56,56,20.81
studyroom,2017,8,20,2,57,57,20.81
studyroom,2017,8,20,2,58,58,20.75
studyroom,2017,8,20,2,59,59,20.75
studyroom,2017,8,20,3,1,0,20.75
studyroom,2017,8,20,3,2,0,20.75
studyroom,2017,8,20,3,3,1,20.75
studyroom,2017,8,20,3,4,2,20.75
studyroom,2017,8,20,3,5,3,20.75
studyroom,2017,8,20,3,6,4,20.75
studyroom,2017,8,20,3,7,4,20.75
studyroom,2017,8,20,3,8,5,20.75
studyroom,2017,8,20,3,9,6,20.75
studyroom,2017,8,20,3,10,7,20.75
studyroom,2017,8,20,3,11,8,20.75
studyroom,2017,8,20,3,12,8,20.75
studyroom,2017,8,20,3,13,9,20.75
studyroom,2017,8,20,3,14,10,20.75
studyroom,2017,8,20,3,15,11,20.75
studyroom,2017,8,20,3,16,12,20.75
studyroom,2017,8,20,3,17,12,20.75
studyroom,2017,8,20,3,18,13,20.75
studyroom,2017,8,20,3,19,14,20.75
studyroom,2017,8,20,3,20,15,20.75
studyroom,2017,8,20,3,21,16,20.75
studyroom,2017,8,20,3,22,17,20.75
studyroom,2017,8,20,3,23,17,20.69
studyroom,2017,8,20,3,24,18,20.69
studyroom,2017,8,20,3,25,19,20.69
studyroom,2017,8,20,3,26,20,20.69
studyroom,2017,8,20,3,27,21,20.69
studyroom,2017,8,20,3,28,22,20.69
studyroom,2017,8,20,3,29,22,20.69
studyroom,2017,8,20,3,30,23,20.69
studyroom,2017,8,20,3,31,24,20.69
studyroom,2017,8,20,3,32,25,20.63
studyroom,2017,8,20,3,33,26,20.63
studyroom,2017,8,20,3,34,26,20.63
studyroom,2017,8,20,3,35,27,20.63
studyroom,2017,8,20,3,36,28,20.69
studyroom,2017,8,20,3,37,29,20.69
studyroom,2017,8,20,3,38,30,20.63
studyroom,2017,8,20,3,39,30,20.63
studyroom,2017,8,20,3,40,31,20.63
studyroom,2017,8,20,3,41,32,20.63
studyroom,2017,8,20,3,42,33,20.63
studyroom,2017,8,20,3,43,34,20.63
studyroom,2017,8,20,3,44,35,20.63
studyroom,2017,8,20,3,45,35,20.63
studyroom,2017,8,20,3,46,36,20.63
studyroom,2017,8,20,3,47,37,20.63
studyroom,2017,8,20,3,48,38,20.63
studyroom,2017,8,20,3,49,39,20.63
studyroom,2017,8,20,3,50,40,20.63
studyroom,2017,8,20,3,51,40,20.63
studyroom,2017,8,20,3,52,41,20.56
studyroom,2017,8,20,3,53,42,20.63
studyroom,2017,8,20,3,54,43,20.63
studyroom,2017,8,20,3,55,44,20.63
studyroom,2017,8,20,3,56,45,20.63
studyroom,2017,8,20,3,57,46,20.56
studyroom,2017,8,20,3,58,46,20.56
studyroom,2017,8,20,3,59,47,20.56
studyroom,2017,8,20,4,0,48,20.56
studyroom,2017,8,20,4,1,49,20.56
studyroom,2017,8,20,4,2,50,20.56
studyroom,2017,8,20,4,3,51,20.56
studyroom,2017,8,20,4,4,52,20.56
studyroom,2017,8,20,4,5,52,20.56
studyroom,2017,8,20,4,6,53,20.56
studyroom,2017,8,20,4,7,54,20.56
studyroom,2017,8,20,4,8,55,20.56
studyroom,2017,8,20,4,9,56,20.50
studyroom,2017,8,20,4,10,57,20.56
studyroom,2017,8,20,4,11,58,20.56
studyroom,2017,8,20,4,12,59,20.50
studyroom,2017,8,20,4,13,59,20.50
studyroom,2017,8,20,4,15,0,20.50
studyroom,2017,8,20,4,16,1,20.50
studyroom,2017,8,20,4,17,2,20.50
studyroom,2017,8,20,4,18,3,20.50
studyroom,2017,8,20,4,19,4,20.50
studyroom,2017,8,20,4,20,5,20.50
studyroom,2017,8,20,4,21,5,20.50
studyroom,2017,8,20,4,22,6,20.50
studyroom,2017,8,20,4,23,7,20.50
studyroom,2017,8,20,4,24,8,20.50
studyroom,2017,8,20,4,25,9,20.50
studyroom,2017,8,20,4,26,10,20.44
studyroom,2017,8,20,4,27,11,20.50
studyroom,2017,8,20,4,28,12,20.50
studyroom,2017,8,20,4,29,13,20.50
studyroom,2017,8,20,4,30,13,20.50
studyroom,2017,8,20,4,31,14,20.50
studyroom,2017,8,20,4,32,15,20.50
studyroom,2017,8,20,4,33,16,20.50
studyroom,2017,8,20,4,34,17,20.50
studyroom,2017,8,20,4,35,18,20.44
studyroom,2017,8,20,4,36,19,20.50
studyroom,2017,8,20,4,37,20,20.44
studyroom,2017,8,20,4,38,21,20.44
studyroom,2017,8,20,4,39,22,20.44
studyroom,2017,8,20,4,40,22,20.44
studyroom,2017,8,20,4,41,23,20.44
studyroom,2017,8,20,4,42,24,20.44
studyroom,2017,8,20,4,43,25,20.44
studyroom,2017,8,20,4,44,26,20.44
studyroom,2017,8,20,4,45,27,20.44
studyroom,2017,8,20,4,46,28,20.44
studyroom,2017,8,20,4,47,29,20.44
studyroom,2017,8,20,4,48,30,20.44
studyroom,2017,8,20,4,49,31,20.44
studyroom,2017,8,20,4,50,32,20.44
studyroom,2017,8,20,4,51,33,20.44
studyroom,2017,8,20,4,52,34,20.38
studyroom,2017,8,20,4,53,34,20.38
studyroom,2017,8,20,4,54,35,20.38
studyroom,2017,8,20,4,55,36,20.44
studyroom,2017,8,20,4,56,37,20.44
studyroom,2017,8,20,4,57,38,20.44
studyroom,2017,8,20,4,58,39,20.38
studyroom,2017,8,20,4,59,40,20.38
studyroom,2017,8,20,5,0,41,20.38
studyroom,2017,8,20,5,1,42,20.38
studyroom,2017,8,20,5,2,43,20.38
studyroom,2017,8,20,5,3,44,20.38
studyroom,2017,8,20,5,4,45,20.38
studyroom,2017,8,20,5,5,45,20.38
studyroom,2017,8,20,5,6,46,20.38
studyroom,2017,8,20,5,7,47,20.38
studyroom,2017,8,20,5,8,48,20.31
studyroom,2017,8,20,5,9,49,20.38
studyroom,2017,8,20,5,10,50,20.38
studyroom,2017,8,20,5,11,51,20.38
studyroom,2017,8,20,5,12,52,20.38
studyroom,2017,8,20,5,13,53,20.31
studyroom,2017,8,20,5,14,54,20.31
studyroom,2017,8,20,5,15,55,20.31
studyroom,2017,8,20,5,16,56,20.31
studyroom,2017,8,20,5,17,57,20.31
studyroom,2017,8,20,5,18,58,20.31
studyroom,2017,8,20,5,19,59,20.31
studyroom,2017,8,20,5,21,0,20.31
studyroom,2017,8,20,5,22,0,20.31
studyroom,2017,8,20,5,23,1,20.31
studyroom,2017,8,20,5,24,2,20.31
studyroom,2017,8,20,5,25,3,20.31
studyroom,2017,8,20,5,26,4,20.31
studyroom,2017,8,20,5,27,5,20.31
studyroom,2017,8,20,5,28,6,20.31
studyroom,2017,8,20,5,29,7,20.31
studyroom,2017,8,20,5,30,8,20.31
studyroom,2017,8,20,5,31,9,20.31
studyroom,2017,8,20,5,32,10,20.31
studyroom,2017,8,20,5,33,11,20.31
studyroom,2017,8,20,5,34,12,20.31
studyroom,2017,8,20,5,35,13,20.31
studyroom,2017,8,20,5,36,14,20.25
studyroom,2017,8,20,5,37,15,20.25
studyroom,2017,8,20,5,38,16,20.25
studyroom,2017,8,20,5,39,17,20.25
studyroom,2017,8,20,5,40,18,20.25
studyroom,2017,8,20,5,41,19,20.25
studyroom,2017,8,20,5,42,20,20.25
studyroom,2017,8,20,5,43,21,20.19
studyroom,2017,8,20,5,44,22,20.25
studyroom,2017,8,20,5,45,23,20.25
studyroom,2017,8,20,5,46,24,20.19
studyroom,2017,8,20,5,47,25,20.19
studyroom,2017,8,20,5,48,26,20.19
studyroom,2017,8,20,5,49,27,20.19
studyroom,2017,8,20,5,50,28,20.19
studyroom,2017,8,20,5,51,29,20.19
studyroom,2017,8,20,5,52,30,20.19
studyroom,2017,8,20,5,53,31,20.19
studyroom,2017,8,20,5,54,32,20.19
studyroom,2017,8,20,5,55,33,20.19
studyroom,2017,8,20,5,56,34,20.19
studyroom,2017,8,20,5,57,35,20.19
studyroom,2017,8,20,5,58,36,20.19
studyroom,2017,8,20,5,59,37,20.19
studyroom,2017,8,20,6,0,38,20.19
studyroom,2017,8,20,6,1,39,20.19
studyroom,2017,8,20,6,2,40,20.19
studyroom,2017,8,20,6,3,41,20.19
studyroom,2017,8,20,6,4,42,20.13
studyroom,2017,8,20,6,5,43,20.13
studyroom,2017,8,20,6,6,44,20.13
studyroom,2017,8,20,6,7,45,20.13
studyroom,2017,8,20,6,8,46,20.13
studyroom,2017,8,20,6,9,47,20.13
studyroom,2017,8,20,6,10,48,20.13
studyroom,2017,8,20,6,11,49,20.13
studyroom,2017,8,20,6,12,50,20.13
studyroom,2017,8,20,6,13,51,20.13
studyroom,2017,8,20,6,14,52,20.13
studyroom,2017,8,20,6,15,53,20.13
studyroom,2017,8,20,6,16,54,20.13
studyroom,2017,8,20,6,17,55,20.13
studyroom,2017,8,20,6,18,56,20.13
studyroom,2017,8,20,6,19,57,20.13
studyroom,2017,8,20,6,20,58,20.13
studyroom,2017,8,20,6,21,59,20.13
studyroom,2017,8,20,6,23,0,20.13
studyroom,2017,8,20,6,24,1,20.13
studyroom,2017,8,20,6,25,2,20.13
studyroom,2017,8,20,6,26,3,20.13
studyroom,2017,8,20,6,27,4,20.13
studyroom,2017,8,20,6,28,5,20.13
studyroom,2017,8,20,6,29,7,20.13
studyroom,2017,8,20,6,30,8,20.13
studyroom,2017,8,20,6,31,9,20.13
studyroom,2017,8,20,6,32,10,20.13
studyroom,2017,8,20,6,33,11,20.13
studyroom,2017,8,20,6,34,12,20.13
studyroom,2017,8,20,6,35,13,20.13
studyroom,2017,8,20,6,36,14,20.13
studyroom,2017,8,20,6,37,15,20.13
studyroom,2017,8,20,6,38,16,20.19
studyroom,2017,8,20,6,39,17,20.19
studyroom,2017,8,20,6,40,18,20.19
studyroom,2017,8,20,6,41,19,20.19
studyroom,2017,8,20,6,42,20,20.13
studyroom,2017,8,20,6,43,21,20.13
studyroom,2017,8,20,6,44,22,20.19
studyroom,2017,8,20,6,45,23,20.13
studyroom,2017,8,20,6,46,24,20.19
studyroom,2017,8,20,6,47,25,20.19
studyroom,2017,8,20,6,48,26,20.19
studyroom,2017,8,20,6,49,28,20.13
studyroom,2017,8,20,6,50,29,20.19
studyroom,2017,8,20,6,51,30,20.19
studyroom,2017,8,20,6,52,31,20.19
studyroom,2017,8,20,6,53,32,20.13
studyroom,2017,8,20,6,54,33,20.13
studyroom,2017,8,20,6,55,34,20.13
studyroom,2017,8,20,6,56,35,20.13
studyroom,2017,8,20,6,57,36,20.13
studyroom,2017,8,20,6,58,37,20.06
studyroom,2017,8,20,6,59,38,20.13
studyroom,2017,8,20,7,0,39,20.13
studyroom,2017,8,20,7,1,40,20.13
studyroom,2017,8,20,7,2,41,20.13
studyroom,2017,8,20,7,3,42,20.13
studyroom,2017,8,20,7,4,43,20.06
studyroom,2017,8,20,7,5,44,20.06
studyroom,2017,8,20,7,6,45,20.06
studyroom,2017,8,20,7,7,46,20.06
studyroom,2017,8,20,7,8,47,20.06
studyroom,2017,8,20,7,9,48,20.06
studyroom,2017,8,20,7,10,49,20.06
studyroom,2017,8,20,7,11,51,20.06
studyroom,2017,8,20,7,12,52,20.06
studyroom,2017,8,20,7,13,53,20.06
studyroom,2017,8,20,7,14,54,20.06
studyroom,2017,8,20,7,15,55,20.06
studyroom,2017,8,20,7,16,56,20.06
studyroom,2017,8,20,7,17,57,20.06
studyroom,2017,8,20,7,18,58,20.06
studyroom,2017,8,20,7,19,59,20.06
studyroom,2017,8,20,7,21,0,20.00
studyroom,2017,8,20,7,22,1,20.00
studyroom,2017,8,20,7,23,2,19.94
studyroom,2017,8,20,7,24,3,19.94
studyroom,2017,8,20,7,25,4,20.00
studyroom,2017,8,20,7,26,5,20.00
studyroom,2017,8,20,7,27,6,20.00
studyroom,2017,8,20,7,28,7,20.00
studyroom,2017,8,20,7,29,9,20.06
studyroom,2017,8,20,7,30,10,20.06
studyroom,2017,8,20,7,31,11,20.06
studyroom,2017,8,20,7,32,12,20.13
studyroom,2017,8,20,7,33,13,20.06
studyroom,2017,8,20,7,34,14,20.06
studyroom,2017,8,20,7,35,15,20.06
studyroom,2017,8,20,7,36,16,20.06
studyroom,2017,8,20,7,37,17,20.06
studyroom,2017,8,20,7,38,18,20.06
studyroom,2017,8,20,7,39,19,20.00
studyroom,2017,8,20,7,40,20,20.00
studyroom,2017,8,20,7,41,21,20.06
studyroom,2017,8,20,7,42,22,20.06
studyroom,2017,8,20,7,43,23,20.06
studyroom,2017,8,20,7,44,24,20.06
studyroom,2017,8,20,7,45,25,20.13
studyroom,2017,8,20,7,46,26,20.13
studyroom,2017,8,20,7,47,27,20.13
studyroom,2017,8,20,7,48,28,20.06
studyroom,2017,8,20,7,49,30,20.06
studyroom,2017,8,20,7,50,31,20.06
studyroom,2017,8,20,7,51,32,20.06
studyroom,2017,8,20,7,52,33,20.06
studyroom,2017,8,20,7,53,34,20.06
studyroom,2017,8,20,7,54,35,20.13
studyroom,2017,8,20,7,55,36,20.13
studyroom,2017,8,20,7,56,37,20.13
studyroom,2017,8,20,7,57,38,20.13
studyroom,2017,8,20,7,58,39,20.13
studyroom,2017,8,20,7,59,40,20.13
studyroom,2017,8,20,8,0,41,20.06
studyroom,2017,8,20,8,1,42,20.13
studyroom,2017,8,20,8,2,43,20.13
studyroom,2017,8,20,8,3,44,20.13
studyroom,2017,8,20,8,4,45,20.19
studyroom,2017,8,20,8,5,46,20.19
studyroom,2017,8,20,8,6,47,20.19
studyroom,2017,8,20,8,7,48,20.19
studyroom,2017,8,20,8,8,49,20.19
studyroom,2017,8,20,8,9,50,20.19
studyroom,2017,8,20,8,10,52,20.19
studyroom,2017,8,20,8,11,53,20.19
studyroom,2017,8,20,8,12,54,20.19
studyroom,2017,8,20,8,13,55,20.19
studyroom,2017,8,20,8,14,56,20.13
studyroom,2017,8,20,8,15,57,20.13
studyroom,2017,8,20,8,16,58,20.13
studyroom,2017,8,20,8,17,59,20.13
studyroom,2017,8,20,8,19,0,20.13
studyroom,2017,8,20,8,20,1,20.13
studyroom,2017,8,20,8,21,2,20.19
studyroom,2017,8,20,8,22,3,20.19
studyroom,2017,8,20,8,23,4,20.19
studyroom,2017,8,20,8,24,5,20.19
studyroom,2017,8,20,8,25,6,20.19
studyroom,2017,8,20,8,26,7,20.19
studyroom,2017,8,20,8,27,8,20.19
studyroom,2017,8,20,8,28,9,20.19
studyroom,2017,8,20,8,29,10,20.19
studyroom,2017,8,20,8,30,11,20.19
studyroom,2017,8,20,8,31,12,20.19
studyroom,2017,8,20,8,32,13,20.25
studyroom,2017,8,20,8,33,14,20.25
studyroom,2017,8,20,8,34,15,20.31
studyroom,2017,8,20,8,35,17,20.31
studyroom,2017,8,20,8,36,18,20.25
studyroom,2017,8,20,8,37,19,20.25
studyroom,2017,8,20,8,38,20,20.31
studyroom,2017,8,20,8,39,20,20.31
studyroom,2017,8,20,8,40,21,20.31
studyroom,2017,8,20,8,41,22,20.31
studyroom,2017,8,20,8,42,23,20.38
studyroom,2017,8,20,8,43,24,20.31
studyroom,2017,8,20,8,44,25,20.31
studyroom,2017,8,20,8,45,26,20.31
studyroom,2017,8,20,8,46,27,20.31
studyroom,2017,8,20,8,47,28,20.31
studyroom,2017,8,20,8,48,29,20.31
studyroom,2017,8,20,8,49,30,20.31
studyroom,2017,8,20,8,50,31,20.38
studyroom,2017,8,20,8,51,32,20.31
studyroom,2017,8,20,8,52,34,20.31
studyroom,2017,8,20,8,53,35,20.31
studyroom,2017,8,20,8,54,36,20.31
studyroom,2017,8,20,8,55,37,20.31
studyroom,2017,8,20,8,56,38,20.31
studyroom,2017,8,20,8,57,39,20.31
studyroom,2017,8,20,8,58,40,20.31
studyroom,2017,8,20,8,59,41,20.31
studyroom,2017,8,20,9,0,42,20.31
studyroom,2017,8,20,9,1,43,20.31
studyroom,2017,8,20,9,2,44,20.31
studyroom,2017,8,20,9,3,45,20.31
studyroom,2017,8,20,9,4,46,20.31
studyroom,2017,8,20,9,5,47,20.31
studyroom,2017,8,20,9,6,48,20.31
studyroom,2017,8,20,9,7,49,20.31
studyroom,2017,8,20,9,8,50,20.31
studyroom,2017,8,20,9,9,51,20.31
studyroom,2017,8,20,9,10,52,20.31
studyroom,2017,8,20,9,11,53,20.38
studyroom,2017,8,20,9,12,54,20.38
studyroom,2017,8,20,9,13,55,20.38
studyroom,2017,8,20,9,14,56,20.38
studyroom,2017,8,20,9,15,57,20.38
studyroom,2017,8,20,9,16,58,20.38
studyroom,2017,8,20,9,17,59,20.44
studyroom,2017,8,20,9,19,0,20.44
studyroom,2017,8,20,9,20,1,20.38
studyroom,2017,8,20,9,21,2,20.31
studyroom,2017,8,20,9,22,3,20.38
studyroom,2017,8,20,9,23,4,20.31
studyroom,2017,8,20,9,24,5,20.31
studyroom,2017,8,20,9,25,6,20.31
studyroom,2017,8,20,9,26,7,20.31
studyroom,2017,8,20,9,27,8,20.38
studyroom,2017,8,20,9,28,9,20.31
studyroom,2017,8,20,9,29,10,20.38
studyroom,2017,8,20,9,30,11,20.31
studyroom,2017,8,20,9,31,12,20.31
studyroom,2017,8,20,9,32,13,20.31
studyroom,2017,8,20,9,33,14,20.31
studyroom,2017,8,20,9,34,16,20.31
studyroom,2017,8,20,9,35,17,20.31
studyroom,2017,8,20,9,36,18,20.31
studyroom,2017,8,20,9,37,19,20.31
studyroom,2017,8,20,9,38,20,20.31
studyroom,2017,8,20,9,39,21,20.31
studyroom,2017,8,20,9,40,22,20.31
studyroom,2017,8,20,9,41,23,20.31
studyroom,2017,8,20,9,42,24,20.38
studyroom,2017,8,20,9,43,25,20.38
studyroom,2017,8,20,9,44,26,20.38
studyroom,2017,8,20,9,45,27,20.38
studyroom,2017,8,20,9,46,28,20.38
studyroom,2017,8,20,9,47,29,20.31
studyroom,2017,8,20,9,48,30,20.38
studyroom,2017,8,20,9,49,31,20.31
studyroom,2017,8,20,9,50,32,20.25
studyroom,2017,8,20,9,51,33,20.25
studyroom,2017,8,20,9,52,34,20.25
studyroom,2017,8,20,9,53,35,20.13
studyroom,2017,8,20,9,54,36,20.06
studyroom,2017,8,20,9,55,37,20.13
studyroom,2017,8,20,9,56,38,20.19
studyroom,2017,8,20,9,57,39,20.19
studyroom,2017,8,20,9,58,40,20.25
studyroom,2017,8,20,9,59,41,20.25
studyroom,2017,8,20,10,0,42,20.31
studyroom,2017,8,20,10,1,43,20.31
studyroom,2017,8,20,10,2,44,20.31
studyroom,2017,8,20,10,3,45,20.31
studyroom,2017,8,20,10,4,46,20.31
studyroom,2017,8,20,10,5,47,20.25
studyroom,2017,8,20,10,6,48,20.25
studyroom,2017,8,20,10,7,49,20.19
studyroom,2017,8,20,10,8,50,20.19
studyroom,2017,8,20,10,9,51,20.19
studyroom,2017,8,20,10,10,52,20.19
studyroom,2017,8,20,10,11,53,20.19
studyroom,2017,8,20,10,12,54,20.19
studyroom,2017,8,20,10,13,55,20.19
studyroom,2017,8,20,10,14,56,20.19
studyroom,2017,8,20,10,15,57,20.25
studyroom,2017,8,20,10,16,58,20.25
studyroom,2017,8,20,10,17,59,20.25
studyroom,2017,8,20,10,19,0,20.31
studyroom,2017,8,20,10,20,1,20.25
studyroom,2017,8,20,10,21,2,20.19
studyroom,2017,8,20,10,22,3,20.25
studyroom,2017,8,20,10,23,4,20.25
studyroom,2017,8,20,10,24,5,20.31
studyroom,2017,8,20,10,25,6,20.31
studyroom,2017,8,20,10,26,7,20.31
studyroom,2017,8,20,10,27,8,20.25
studyroom,2017,8,20,10,28,9,20.25
studyroom,2017,8,20,10,29,10,20.25
studyroom,2017,8,20,10,30,11,20.25
studyroom,2017,8,20,10,31,12,20.19
studyroom,2017,8,20,10,32,13,20.31
studyroom,2017,8,20,10,33,14,20.31
studyroom,2017,8,20,10,34,15,20.44
studyroom,2017,8,20,10,35,16,20.44
studyroom,2017,8,20,10,36,17,20.44
studyroom,2017,8,20,10,37,18,20.44
studyroom,2017,8,20,10,38,19,20.44
studyroom,2017,8,20,10,39,20,20.38
studyroom,2017,8,20,10,40,21,20.38
studyroom,2017,8,20,10,41,22,20.38
studyroom,2017,8,20,10,42,23,20.38
studyroom,2017,8,20,10,43,24,20.38
studyroom,2017,8,20,10,44,24,20.44
studyroom,2017,8,20,10,45,25,20.44
studyroom,2017,8,20,10,46,26,20.44
studyroom,2017,8,20,10,47,27,20.38
studyroom,2017,8,20,10,48,28,20.38
studyroom,2017,8,20,10,49,29,20.25
studyroom,2017,8,20,10,50,30,20.25
studyroom,2017,8,20,10,51,31,20.13
studyroom,2017,8,20,10,52,32,20.19
studyroom,2017,8,20,10,53,33,20.06
studyroom,2017,8,20,10,54,34,20.13
studyroom,2017,8,20,10,55,35,20.25
studyroom,2017,8,20,10,56,36,20.31
studyroom,2017,8,20,10,57,37,20.25
studyroom,2017,8,20,10,58,38,20.31
studyroom,2017,8,20,10,59,39,20.19
studyroom,2017,8,20,11,0,40,20.19
studyroom,2017,8,20,11,1,41,20.19
studyroom,2017,8,20,11,2,42,20.25
studyroom,2017,8,20,11,3,43,20.25
studyroom,2017,8,20,11,4,44,20.31
studyroom,2017,8,20,11,5,45,20.38
studyroom,2017,8,20,11,6,46,20.38
studyroom,2017,8,20,11,7,47,20.38
studyroom,2017,8,20,11,8,48,20.31
studyroom,2017,8,20,11,9,49,20.38
studyroom,2017,8,20,11,10,50,20.38
studyroom,2017,8,20,11,11,51,20.38
studyroom,2017,8,20,11,12,51,20.38
studyroom,2017,8,20,11,13,52,20.38
studyroom,2017,8,20,11,14,53,20.38
studyroom,2017,8,20,11,15,54,20.38
studyroom,2017,8,20,11,16,55,20.38
studyroom,2017,8,20,11,17,56,20.31
studyroom,2017,8,20,11,18,57,20.25
studyroom,2017,8,20,11,19,58,20.25
studyroom,2017,8,20,11,20,59,20.31
studyroom,2017,8,20,11,22,0,20.25
studyroom,2017,8,20,11,23,0,20.38
studyroom,2017,8,20,11,24,1,20.38
studyroom,2017,8,20,11,25,2,20.38
studyroom,2017,8,20,11,26,3,20.38
studyroom,2017,8,20,11,27,4,20.38
studyroom,2017,8,20,11,28,5,20.38
studyroom,2017,8,20,11,29,6,20.44
studyroom,2017,8,20,11,30,7,20.44
studyroom,2017,8,20,11,31,8,20.44
studyroom,2017,8,20,11,32,9,20.44
studyroom,2017,8,20,11,33,9,20.50
studyroom,2017,8,20,11,34,10,20.50
studyroom,2017,8,20,11,35,11,20.50
studyroom,2017,8,20,11,36,12,20.50
studyroom,2017,8,20,11,37,13,20.50
studyroom,2017,8,20,11,38,14,20.56
studyroom,2017,8,20,11,39,14,20.56
studyroom,2017,8,20,11,40,15,20.50
studyroom,2017,8,20,11,41,16,20.50
studyroom,2017,8,20,11,42,17,20.56
studyroom,2017,8,20,11,43,18,20.63
studyroom,2017,8,20,11,44,18,20.63
studyroom,2017,8,20,11,45,19,20.63
studyroom,2017,8,20,11,46,20,20.63
studyroom,2017,8,20,11,47,21,20.69
studyroom,2017,8,20,11,48,22,20.63
studyroom,2017,8,20,11,49,22,20.69
studyroom,2017,8,20,11,50,23,20.69
studyroom,2017,8,20,11,51,24,20.75
studyroom,2017,8,20,11,52,25,20.69
studyroom,2017,8,20,11,53,26,20.63
studyroom,2017,8,20,11,54,26,20.69
studyroom,2017,8,20,11,55,27,20.69
studyroom,2017,8,20,11,56,28,20.69
studyroom,2017,8,20,11,57,29,20.69
studyroom,2017,8,20,11,58,30,20.69
studyroom,2017,8,20,11,59,30,20.75
studyroom,2017,8,20,12,0,31,20.75
studyroom,2017,8,20,12,1,32,20.75
studyroom,2017,8,20,12,2,33,20.81
studyroom,2017,8,20,12,3,34,20.88
studyroom,2017,8,20,12,4,34,20.88
studyroom,2017,8,20,12,5,35,20.88
studyroom,2017,8,20,12,6,36,20.94
studyroom,2017,8,20,12,7,37,20.94
studyroom,2017,8,20,12,8,37,20.88
studyroom,2017,8,20,12,9,38,20.88
studyroom,2017,8,20,12,10,39,20.81
studyroom,2017,8,20,12,11,39,20.81
studyroom,2017,8,20,12,12,40,20.75
studyroom,2017,8,20,12,13,41,20.75
studyroom,2017,8,20,12,14,42,20.81
studyroom,2017,8,20,12,15,43,20.81
studyroom,2017,8,20,12,16,43,20.81
studyroom,2017,8,20,12,17,44,20.81
studyroom,2017,8,20,12,18,45,20.81
studyroom,2017,8,20,12,19,46,20.81
studyroom,2017,8,20,12,20,47,20.88
studyroom,2017,8,20,12,21,47,20.94
studyroom,2017,8,20,12,22,48,20.94
studyroom,2017,8,20,12,23,49,21.00
studyroom,2017,8,20,12,24,50,21.00
studyroom,2017,8,20,12,25,51,21.00
studyroom,2017,8,20,12,26,51,21.06
studyroom,2017,8,20,12,27,52,21.06
studyroom,2017,8,20,12,28,53,21.12
studyroom,2017,8,20,12,29,53,21.12
studyroom,2017,8,20,12,30,54,21.19
studyroom,2017,8,20,12,31,55,21.19
studyroom,2017,8,20,12,32,55,21.19
studyroom,2017,8,20,12,33,56,21.06
studyroom,2017,8,20,12,34,57,21.12
studyroom,2017,8,20,12,35,58,21.06
studyroom,2017,8,20,12,36,58,21.12
studyroom,2017,8,20,12,37,59,21.06
studyroom,2017,8,20,12,39,0,21.00
studyroom,2017,8,20,12,40,0,21.00
studyroom,2017,8,20,12,41,1,21.00
studyroom,2017,8,20,12,42,2,21.00
studyroom,2017,8,20,12,43,3,21.00
studyroom,2017,8,20,12,44,3,21.00
studyroom,2017,8,20,12,45,4,21.06
studyroom,2017,8,20,12,46,5,21.06
studyroom,2017,8,20,12,47,6,21.00
studyroom,2017,8,20,12,48,6,21.00
studyroom,2017,8,20,12,49,7,21.06
studyroom,2017,8,20,12,50,8,21.00
studyroom,2017,8,20,12,51,8,20.94
studyroom,2017,8,20,12,52,9,20.94
studyroom,2017,8,20,12,53,10,21.00
studyroom,2017,8,20,12,54,11,21.00
studyroom,2017,8,20,12,55,11,21.00
studyroom,2017,8,20,12,56,12,21.06
studyroom,2017,8,20,12,57,13,21.06
studyroom,2017,8,20,12,58,14,21.00
studyroom,2017,8,20,12,59,14,21.06
studyroom,2017,8,20,13,0,15,21.06
studyroom,2017,8,20,13,1,16,21.12
studyroom,2017,8,20,13,2,16,21.12
studyroom,2017,8,20,13,3,17,21.19
studyroom,2017,8,20,13,4,18,21.12
studyroom,2017,8,20,13,5,18,21.12
studyroom,2017,8,20,13,6,19,21.19
studyroom,2017,8,20,13,7,20,21.12
studyroom,2017,8,20,13,8,21,21.12
studyroom,2017,8,20,13,9,21,21.12
studyroom,2017,8,20,13,10,22,21.12
studyroom,2017,8,20,13,11,23,21.19
studyroom,2017,8,20,13,12,23,21.19
studyroom,2017,8,20,13,13,24,21.19
studyroom,2017,8,20,13,14,25,21.19
studyroom,2017,8,20,13,15,25,21.12
studyroom,2017,8,20,13,16,26,21.12
studyroom,2017,8,20,13,17,27,21.12
studyroom,2017,8,20,13,18,28,21.12
studyroom,2017,8,20,13,19,28,21.12
studyroom,2017,8,20,13,20,29,21.12
studyroom,2017,8,20,13,21,30,21.12
studyroom,2017,8,20,13,22,30,21.06
studyroom,2017,8,20,13,23,31,21.00
studyroom,2017,8,20,13,24,32,21.06
studyroom,2017,8,20,13,25,32,21.06
studyroom,2017,8,20,13,26,33,21.00
studyroom,2017,8,20,13,27,34,21.00
studyroom,2017,8,20,13,28,34,21.12
studyroom,2017,8,20,13,29,35,21.06
studyroom,2017,8,20,13,30,36,21.12
studyroom,2017,8,20,13,31,36,21.12
studyroom,2017,8,20,13,32,37,21.19
studyroom,2017,8,20,13,33,38,21.12
studyroom,2017,8,20,13,34,38,21.12
studyroom,2017,8,20,13,35,39,21.12
studyroom,2017,8,20,13,36,40,21.12
studyroom,2017,8,20,13,37,41,21.12
studyroom,2017,8,20,13,38,41,21.19
studyroom,2017,8,20,13,39,42,21.12
studyroom,2017,8,20,13,40,43,21.19
studyroom,2017,8,20,13,41,43,21.19
studyroom,2017,8,20,13,42,44,21.19
studyroom,2017,8,20,13,43,45,21.19
studyroom,2017,8,20,13,44,45,21.12
studyroom,2017,8,20,13,45,46,21.19
studyroom,2017,8,20,13,46,47,21.19
studyroom,2017,8,20,13,47,47,21.25
studyroom,2017,8,20,13,48,48,21.31
studyroom,2017,8,20,13,49,49,21.31
studyroom,2017,8,20,13,50,49,21.38
studyroom,2017,8,20,13,51,50,21.38
studyroom,2017,8,20,13,52,51,21.38
studyroom,2017,8,20,13,53,51,21.44
studyroom,2017,8,20,13,54,52,21.44
studyroom,2017,8,20,13,55,52,21.50
studyroom,2017,8,20,13,56,53,21.50
studyroom,2017,8,20,13,57,54,21.50
studyroom,2017,8,20,13,58,54,21.50
studyroom,2017,8,20,13,59,55,21.50
studyroom,2017,8,20,14,0,55,21.50
studyroom,2017,8,20,14,1,56,21.44
studyroom,2017,8,20,14,2,57,21.38
studyroom,2017,8,20,14,3,57,21.25
studyroom,2017,8,20,14,4,58,21.31
studyroom,2017,8,20,14,5,58,21.19
studyroom,2017,8,20,14,6,59,21.12
studyroom,2017,8,20,14,8,0,21.19
studyroom,2017,8,20,14,9,0,21.19
studyroom,2017,8,20,14,10,1,21.19
studyroom,2017,8,20,14,11,2,21.25
studyroom,2017,8,20,14,12,2,21.19
studyroom,2017,8,20,14,13,3,21.19
studyroom,2017,8,20,14,14,3,21.25
studyroom,2017,8,20,14,15,4,21.25
studyroom,2017,8,20,14,16,5,21.31
studyroom,2017,8,20,14,17,5,21.31
studyroom,2017,8,20,14,18,6,21.31
studyroom,2017,8,20,14,19,6,21.38
studyroom,2017,8,20,14,20,7,21.31
studyroom,2017,8,20,14,21,8,21.31
studyroom,2017,8,20,14,22,8,21.31
studyroom,2017,8,20,14,23,9,21.31
studyroom,2017,8,20,14,24,9,21.25
studyroom,2017,8,20,14,25,10,21.31
studyroom,2017,8,20,14,26,10,21.25
studyroom,2017,8,20,14,27,11,21.25
studyroom,2017,8,20,14,28,12,21.19
studyroom,2017,8,20,14,29,12,21.12
studyroom,2017,8,20,14,30,13,21.12
studyroom,2017,8,20,14,31,13,21.06
studyroom,2017,8,20,14,32,14,21.12
studyroom,2017,8,20,14,33,15,21.19
studyroom,2017,8,20,14,34,15,21.19
studyroom,2017,8,20,14,35,16,21.19
studyroom,2017,8,20,14,36,17,21.19
studyroom,2017,8,20,14,37,17,21.19
studyroom,2017,8,20,14,38,18,21.19
studyroom,2017,8,20,14,39,18,21.19
studyroom,2017,8,20,14,40,19,21.19
studyroom,2017,8,20,14,41,20,21.19
studyroom,2017,8,20,14,42,20,21.19
studyroom,2017,8,20,14,43,21,21.19
studyroom,2017,8,20,14,44,21,21.19
studyroom,2017,8,20,14,45,22,21.19
studyroom,2017,8,20,14,46,23,21.12
studyroom,2017,8,20,14,47,23,21.19
studyroom,2017,8,20,14,48,24,21.19
studyroom,2017,8,20,14,49,24,21.19
studyroom,2017,8,20,14,50,25,21.19
studyroom,2017,8,20,14,51,26,21.19
studyroom,2017,8,20,14,52,26,21.19
studyroom,2017,8,20,14,53,27,21.25
studyroom,2017,8,20,14,54,28,21.25
studyroom,2017,8,20,14,55,28,21.25
studyroom,2017,8,20,14,56,29,21.31
studyroom,2017,8,20,14,57,29,21.25
studyroom,2017,8,20,14,58,30,21.25
studyroom,2017,8,20,14,59,31,21.25
studyroom,2017,8,20,15,0,31,21.25
studyroom,2017,8,20,15,1,32,21.19
studyroom,2017,8,20,15,2,33,21.25
studyroom,2017,8,20,15,3,33,21.31
studyroom,2017,8,20,15,4,34,21.31
studyroom,2017,8,20,15,5,34,21.25
studyroom,2017,8,20,15,6,35,21.19
studyroom,2017,8,20,15,7,36,21.25
studyroom,2017,8,20,15,8,36,21.19
studyroom,2017,8,20,15,9,37,21.19
studyroom,2017,8,20,15,10,38,21.25
studyroom,2017,8,20,15,11,38,21.38
studyroom,2017,8,20,15,12,39,21.44
studyroom,2017,8,20,15,13,39,21.44
studyroom,2017,8,20,15,14,40,21.44
studyroom,2017,8,20,15,15,41,21.50
studyroom,2017,8,20,15,16,41,21.56
studyroom,2017,8,20,15,17,42,21.63
studyroom,2017,8,20,15,18,42,21.56
studyroom,2017,8,20,15,19,43,21.63
studyroom,2017,8,20,15,20,44,21.63
studyroom,2017,8,20,15,21,44,21.63
studyroom,2017,8,20,15,22,45,21.63
studyroom,2017,8,20,15,23,45,21.63
studyroom,2017,8,20,15,24,46,21.63
studyroom,2017,8,20,15,25,46,21.63
studyroom,2017,8,20,15,26,47,21.69
studyroom,2017,8,20,15,27,47,21.69
studyroom,2017,8,20,15,28,48,21.69
studyroom,2017,8,20,15,29,48,21.56
studyroom,2017,8,20,15,30,49,21.56
studyroom,2017,8,20,15,31,50,21.63
studyroom,2017,8,20,15,32,50,21.63
studyroom,2017,8,20,15,33,51,21.69
studyroom,2017,8,20,15,34,51,21.63
studyroom,2017,8,20,15,35,52,21.63
studyroom,2017,8,20,15,36,52,21.56
studyroom,2017,8,20,15,37,53,21.63
studyroom,2017,8,20,15,38,53,21.56
studyroom,2017,8,20,15,39,54,21.56
studyroom,2017,8,20,15,40,54,21.50
studyroom,2017,8,20,15,41,55,21.50
studyroom,2017,8,20,15,42,55,21.50
studyroom,2017,8,20,15,43,56,21.44
studyroom,2017,8,20,15,44,56,21.44
studyroom,2017,8,20,15,45,57,21.38
studyroom,2017,8,20,15,46,57,21.38
studyroom,2017,8,20,15,47,58,21.38
studyroom,2017,8,20,15,48,58,21.44
studyroom,2017,8,20,15,49,59,21.38
studyroom,2017,8,20,15,50,59,21.38
studyroom,2017,8,20,15,52,0,21.38
studyroom,2017,8,20,15,53,0,21.38
studyroom,2017,8,20,15,54,1,21.38
studyroom,2017,8,20,15,55,1,21.44
studyroom,2017,8,20,15,56,2,21.50
studyroom,2017,8,20,15,57,2,21.50
studyroom,2017,8,20,15,58,3,21.50
studyroom,2017,8,20,15,59,3,21.56
studyroom,2017,8,20,16,0,4,21.56
studyroom,2017,8,20,16,1,4,21.56
studyroom,2017,8,20,16,2,5,21.56
studyroom,2017,8,20,16,3,6,21.56
studyroom,2017,8,20,16,4,6,21.56
studyroom,2017,8,20,16,5,7,21.56
studyroom,2017,8,20,16,6,7,21.56
studyroom,2017,8,20,16,7,8,21.56
studyroom,2017,8,20,16,8,8,21.56
studyroom,2017,8,20,16,9,9,21.56
studyroom,2017,8,20,16,10,9,21.63
studyroom,2017,8,20,16,11,10,21.63
studyroom,2017,8,20,16,12,10,21.63
studyroom,2017,8,20,16,13,11,21.63
studyroom,2017,8,20,16,14,11,21.69
studyroom,2017,8,20,16,15,12,21.69
studyroom,2017,8,20,16,16,12,21.69
studyroom,2017,8,20,16,17,13,21.69
studyroom,2017,8,20,16,18,13,21.63
studyroom,2017,8,20,16,19,14,21.63
studyroom,2017,8,20,16,20,14,21.63
studyroom,2017,8,20,16,21,15,21.63
studyroom,2017,8,20,16,22,16,21.63
studyroom,2017,8,20,16,23,16,21.63
studyroom,2017,8,20,16,24,17,21.56
studyroom,2017,8,20,16,25,17,21.63
studyroom,2017,8,20,16,26,18,21.63
studyroom,2017,8,20,16,27,18,21.69
studyroom,2017,8,20,16,28,19,21.63
studyroom,2017,8,20,16,29,19,21.63
studyroom,2017,8,20,16,30,20,21.56
studyroom,2017,8,20,16,31,20,21.56
studyroom,2017,8,20,16,32,21,21.56
studyroom,2017,8,20,16,33,22,21.50
studyroom,2017,8,20,16,34,22,21.50
studyroom,2017,8,20,16,35,23,21.50
studyroom,2017,8,20,16,36,23,21.50
studyroom,2017,8,20,16,37,24,21.50
studyroom,2017,8,20,16,38,24,21.44
studyroom,2017,8,20,16,39,25,21.50
studyroom,2017,8,20,16,40,25,21.44
studyroom,2017,8,20,16,41,26,21.50
studyroom,2017,8,20,16,42,26,21.56
studyroom,2017,8,20,16,43,27,21.56
studyroom,2017,8,20,16,44,27,21.56
studyroom,2017,8,20,16,45,28,21.50
studyroom,2017,8,20,16,46,28,21.50
studyroom,2017,8,20,16,47,29,21.56
studyroom,2017,8,20,16,48,29,21.56
studyroom,2017,8,20,16,49,30,21.56
studyroom,2017,8,20,16,50,30,21.56
studyroom,2017,8,20,16,51,31,21.56
studyroom,2017,8,20,16,52,31,21.63
studyroom,2017,8,20,16,53,32,21.63
studyroom,2017,8,20,16,54,32,21.56
studyroom,2017,8,20,16,55,33,21.50
studyroom,2017,8,20,16,56,33,21.50
studyroom,2017,8,20,16,57,34,21.50
studyroom,2017,8,20,16,58,34,21.56
studyroom,2017,8,20,16,59,35,21.56
studyroom,2017,8,20,17,0,36,21.56
studyroom,2017,8,20,17,1,36,21.56
studyroom,2017,8,20,17,2,37,21.50
studyroom,2017,8,20,17,3,37,21.50
studyroom,2017,8,20,17,4,38,21.44
studyroom,2017,8,20,17,5,38,21.44
studyroom,2017,8,20,17,6,39,21.44
studyroom,2017,8,20,17,7,39,21.44
studyroom,2017,8,20,17,8,40,21.38
studyroom,2017,8,20,17,9,40,21.31
studyroom,2017,8,20,17,10,41,21.31
studyroom,2017,8,20,17,11,41,21.31
studyroom,2017,8,20,17,12,42,21.31
studyroom,2017,8,20,17,13,42,21.31
studyroom,2017,8,20,17,14,43,21.31
studyroom,2017,8,20,17,15,43,21.38
studyroom,2017,8,20,17,16,44,21.38
studyroom,2017,8,20,17,17,44,21.38
studyroom,2017,8,20,17,18,45,21.31
studyroom,2017,8,20,17,19,45,21.31
studyroom,2017,8,20,17,20,46,21.31
studyroom,2017,8,20,17,21,46,21.31
studyroom,2017,8,20,17,22,47,21.25
studyroom,2017,8,20,17,23,47,21.25
studyroom,2017,8,20,17,24,48,21.25
studyroom,2017,8,20,17,25,48,21.19
studyroom,2017,8,20,17,26,49,21.25
studyroom,2017,8,20,17,27,49,21.19
studyroom,2017,8,20,17,28,50,21.19
studyroom,2017,8,20,17,29,50,21.12
studyroom,2017,8,20,17,30,51,21.19
studyroom,2017,8,20,17,31,52,21.12
studyroom,2017,8,20,17,32,52,21.12
studyroom,2017,8,20,17,33,53,21.12
studyroom,2017,8,20,17,34,53,21.12
studyroom,2017,8,20,17,35,54,21.12
studyroom,2017,8,20,17,36,54,21.12
studyroom,2017,8,20,17,37,55,21.12
studyroom,2017,8,20,17,38,56,21.12
studyroom,2017,8,20,17,39,56,21.12
studyroom,2017,8,20,17,40,57,21.06
studyroom,2017,8,20,17,41,57,21.06
studyroom,2017,8,20,17,42,58,21.12
studyroom,2017,8,20,17,43,59,21.06
studyroom,2017,8,20,17,44,59,21.06
studyroom,2017,8,20,17,46,0,21.12
studyroom,2017,8,20,17,47,0,21.12
studyroom,2017,8,20,17,48,1,21.06
studyroom,2017,8,20,17,49,2,21.06
studyroom,2017,8,20,17,50,2,21.00
studyroom,2017,8,20,17,51,3,21.00
studyroom,2017,8,20,17,52,3,21.06
studyroom,2017,8,20,17,53,4,21.06
studyroom,2017,8,20,17,54,5,21.06
studyroom,2017,8,20,17,55,5,21.00
studyroom,2017,8,20,17,56,6,21.00
studyroom,2017,8,20,17,57,6,21.00
studyroom,2017,8,20,17,58,7,21.06
studyroom,2017,8,20,17,59,8,21.00
studyroom,2017,8,20,18,0,8,21.00
studyroom,2017,8,20,18,1,9,21.00
studyroom,2017,8,20,18,2,10,21.00
studyroom,2017,8,20,18,3,10,21.00
studyroom,2017,8,20,18,4,11,21.00
studyroom,2017,8,20,18,5,12,21.00
studyroom,2017,8,20,18,6,12,21.06
studyroom,2017,8,20,18,7,13,21.00
studyroom,2017,8,20,18,8,13,21.06
studyroom,2017,8,20,18,9,14,21.00
studyroom,2017,8,20,18,10,15,21.00
studyroom,2017,8,20,18,11,15,21.00
studyroom,2017,8,20,18,12,16,21.06
studyroom,2017,8,20,18,13,17,21.00
studyroom,2017,8,20,18,14,17,21.00
studyroom,2017,8,20,18,15,18,21.00
studyroom,2017,8,20,18,16,18,21.00
studyroom,2017,8,20,18,17,19,21.00
studyroom,2017,8,20,18,18,20,20.94
studyroom,2017,8,20,18,19,20,20.94
studyroom,2017,8,20,18,20,21,21.00
studyroom,2017,8,20,18,21,22,21.00
studyroom,2017,8,20,18,22,22,20.94
studyroom,2017,8,20,18,23,23,20.94
studyroom,2017,8,20,18,24,24,20.94
studyroom,2017,8,20,18,25,24,21.00
studyroom,2017,8,20,18,26,25,21.00
studyroom,2017,8,20,18,27,26,21.00
studyroom,2017,8,20,18,28,26,21.06
studyroom,2017,8,20,18,29,27,21.06
studyroom,2017,8,20,18,30,28,21.06
studyroom,2017,8,20,18,31,28,21.06
studyroom,2017,8,20,18,32,29,21.06
studyroom,2017,8,20,18,33,30,21.12
studyroom,2017,8,20,18,34,30,21.12
studyroom,2017,8,20,18,35,31,21.12
studyroom,2017,8,20,18,36,32,21.06
studyroom,2017,8,20,18,37,32,21.06
studyroom,2017,8,20,18,38,33,21.06
studyroom,2017,8,20,18,39,33,21.06
studyroom,2017,8,20,18,40,34,21.06
studyroom,2017,8,20,18,41,35,21.06
studyroom,2017,8,20,18,42,36,21.00
studyroom,2017,8,20,18,43,36,21.00
studyroom,2017,8,20,18,44,37,21.00
studyroom,2017,8,20,18,45,38,21.06
studyroom,2017,8,20,18,46,38,21.06
studyroom,2017,8,20,18,47,39,21.00
studyroom,2017,8,20,18,48,40,21.00
studyroom,2017,8,20,18,49,40,21.00
studyroom,2017,8,20,18,50,41,21.00
studyroom,2017,8,20,18,51,42,21.00
studyroom,2017,8,20,18,52,42,21.00
studyroom,2017,8,20,18,53,43,21.00
studyroom,2017,8,20,18,54,44,20.94
studyroom,2017,8,20,18,55,45,20.94
studyroom,2017,8,20,18,56,45,21.00
studyroom,2017,8,20,18,57,46,20.94
studyroom,2017,8,20,18,58,47,20.94
studyroom,2017,8,20,18,59,47,21.00
studyroom,2017,8,20,19,0,48,20.94
studyroom,2017,8,20,19,1,49,21.00
studyroom,2017,8,20,19,2,49,20.94
studyroom,2017,8,20,19,3,50,20.94
studyroom,2017,8,20,19,4,51,20.94
studyroom,2017,8,20,19,5,51,20.94
studyroom,2017,8,20,19,6,52,20.88
studyroom,2017,8,20,19,7,53,20.94
studyroom,2017,8,20,19,8,54,20.94
studyroom,2017,8,20,19,9,54,20.94
studyroom,2017,8,20,19,10,55,20.94
studyroom,2017,8,20,19,11,56,20.88
studyroom,2017,8,20,19,12,56,20.94
studyroom,2017,8,20,19,13,57,20.88
studyroom,2017,8,20,19,14,58,20.94
studyroom,2017,8,20,19,15,59,20.88
studyroom,2017,8,20,19,16,59,20.94
studyroom,2017,8,20,19,18,0,20.94
studyroom,2017,8,20,19,19,1,20.88
studyroom,2017,8,20,19,20,1,20.88
studyroom,2017,8,20,19,21,2,20.88
studyroom,2017,8,20,19,22,3,20.88
studyroom,2017,8,20,19,23,4,20.88
studyroom,2017,8,20,19,24,4,20.88
studyroom,2017,8,20,19,25,5,20.88
studyroom,2017,8,20,19,26,6,20.88
studyroom,2017,8,20,19,27,7,20.88
studyroom,2017,8,20,19,28,7,20.81
studyroom,2017,8,20,19,29,8,20.81
studyroom,2017,8,20,19,30,9,20.81
studyroom,2017,8,20,19,31,10,20.81
studyroom,2017,8,20,19,32,10,20.88
studyroom,2017,8,20,19,33,11,20.88
studyroom,2017,8,20,19,34,12,20.88
studyroom,2017,8,20,19,35,13,20.81
studyroom,2017,8,20,19,36,14,20.81
studyroom,2017,8,20,19,37,14,20.81
studyroom,2017,8,20,19,38,15,20.81
studyroom,2017,8,20,19,39,16,20.81
studyroom,2017,8,20,19,40,17,20.81
studyroom,2017,8,20,19,41,17,20.81
studyroom,2017,8,20,19,42,18,20.81
studyroom,2017,8,20,19,43,19,20.88
studyroom,2017,8,20,19,44,20,20.88
studyroom,2017,8,20,19,45,20,20.88
studyroom,2017,8,20,19,46,21,20.88
studyroom,2017,8,20,19,47,22,20.88
studyroom,2017,8,20,19,48,22,20.88
studyroom,2017,8,20,19,49,23,20.88
studyroom,2017,8,20,19,50,24,20.88
studyroom,2017,8,20,19,51,25,20.88
studyroom,2017,8,20,19,52,25,20.81
studyroom,2017,8,20,19,53,26,20.88
studyroom,2017,8,20,19,54,27,20.88
studyroom,2017,8,20,19,55,28,20.88
studyroom,2017,8,20,19,56,28,20.88
studyroom,2017,8,20,19,57,29,20.88
studyroom,2017,8,20,19,58,30,20.88
studyroom,2017,8,20,19,59,30,20.88
studyroom,2017,8,20,20,0,31,20.88
studyroom,2017,8,20,20,1,32,20.88
studyroom,2017,8,20,20,2,33,20.88
studyroom,2017,8,20,20,3,33,20.88
studyroom,2017,8,20,20,4,34,20.94
studyroom,2017,8,20,20,5,35,21.00
studyroom,2017,8,20,20,6,35,21.00
studyroom,2017,8,20,20,7,36,21.00
studyroom,2017,8,20,20,8,37,21.06
studyroom,2017,8,20,20,9,38,21.06
studyroom,2017,8,20,20,10,38,21.06
studyroom,2017,8,20,20,11,39,21.06
studyroom,2017,8,20,20,12,40,21.06
studyroom,2017,8,20,20,13,40,21.12
studyroom,2017,8,20,20,14,41,21.12
studyroom,2017,8,20,20,15,42,21.19
studyroom,2017,8,20,20,16,43,21.19
studyroom,2017,8,20,20,17,43,21.19
studyroom,2017,8,20,20,18,44,21.19
studyroom,2017,8,20,20,19,45,21.19
studyroom,2017,8,20,20,20,46,21.25
studyroom,2017,8,20,20,21,46,21.25
studyroom,2017,8,20,20,22,47,21.25
studyroom,2017,8,20,20,23,48,21.25
studyroom,2017,8,20,20,24,48,21.19
studyroom,2017,8,20,20,25,49,21.25
studyroom,2017,8,20,20,26,50,21.19
studyroom,2017,8,20,20,27,51,21.19
studyroom,2017,8,20,20,28,51,21.19
studyroom,2017,8,20,20,29,52,21.19
studyroom,2017,8,20,20,30,53,21.19
studyroom,2017,8,20,20,31,53,21.19
studyroom,2017,8,20,20,32,54,21.19
studyroom,2017,8,20,20,33,55,21.19
studyroom,2017,8,20,20,34,56,21.19
studyroom,2017,8,20,20,35,56,21.19
studyroom,2017,8,20,20,36,57,21.12
studyroom,2017,8,20,20,37,58,21.12
studyroom,2017,8,20,20,38,58,21.12
studyroom,2017,8,20,20,39,59,21.06
studyroom,2017,8,20,20,41,0,21.12
studyroom,2017,8,20,20,42,1,21.12
studyroom,2017,8,20,20,43,1,21.19
studyroom,2017,8,20,20,44,2,21.12
studyroom,2017,8,20,20,45,3,21.12
studyroom,2017,8,20,20,46,3,21.12
studyroom,2017,8,20,20,47,4,21.12
studyroom,2017,8,20,20,48,5,21.06
studyroom,2017,8,20,20,49,6,21.06
studyroom,2017,8,20,20,50,6,21.06
studyroom,2017,8,20,20,51,7,21.12
studyroom,2017,8,20,20,52,8,21.12
studyroom,2017,8,20,20,53,9,21.12
studyroom,2017,8,20,20,54,9,21.12
studyroom,2017,8,20,20,55,10,21.19
studyroom,2017,8,20,20,56,11,21.19
studyroom,2017,8,20,20,57,11,21.19
studyroom,2017,8,20,20,58,12,21.25
studyroom,2017,8,20,20,59,13,21.25
studyroom,2017,8,20,21,0,13,21.25
studyroom,2017,8,20,21,1,14,21.25
studyroom,2017,8,20,21,2,15,21.25
studyroom,2017,8,20,21,3,16,21.25
studyroom,2017,8,20,21,4,16,21.25
studyroom,2017,8,20,21,5,17,21.25
studyroom,2017,8,20,21,6,18,21.25
studyroom,2017,8,20,21,7,18,21.25
studyroom,2017,8,20,21,8,19,21.25
studyroom,2017,8,20,21,9,20,21.25
studyroom,2017,8,20,21,10,20,21.25
studyroom,2017,8,20,21,11,21,21.25
studyroom,2017,8,20,21,12,22,21.25
studyroom,2017,8,20,21,13,23,21.19
studyroom,2017,8,20,21,14,23,21.19
studyroom,2017,8,20,21,15,24,21.19
studyroom,2017,8,20,21,16,25,21.19
studyroom,2017,8,20,21,17,26,21.25
studyroom,2017,8,20,21,18,26,21.25
studyroom,2017,8,20,21,19,27,21.25
studyroom,2017,8,20,21,20,28,21.25
studyroom,2017,8,20,21,21,29,21.25
studyroom,2017,8,20,21,22,29,21.25
studyroom,2017,8,20,21,23,30,21.25
studyroom,2017,8,20,21,24,31,21.25
studyroom,2017,8,20,21,25,31,21.25
studyroom,2017,8,20,21,26,32,21.31
studyroom,2017,8,20,21,27,33,21.31
studyroom,2017,8,20,21,28,34,21.25
studyroom,2017,8,20,21,29,34,21.31
studyroom,2017,8,20,21,30,35,21.31
studyroom,2017,8,20,21,31,36,21.31
studyroom,2017,8,20,21,32,36,21.31
studyroom,2017,8,20,21,33,37,21.31
studyroom,2017,8,20,21,34,38,21.31
studyroom,2017,8,20,21,35,38,21.31
studyroom,2017,8,20,21,36,39,21.31
studyroom,2017,8,20,21,37,40,21.31
studyroom,2017,8,20,21,38,41,21.31
studyroom,2017,8,20,21,39,41,21.31
studyroom,2017,8,20,21,40,42,21.31
studyroom,2017,8,20,21,41,43,21.31
studyroom,2017,8,20,21,42,43,21.31
studyroom,2017,8,20,21,43,44,21.31
studyroom,2017,8,20,21,44,45,21.31
studyroom,2017,8,20,21,45,45,21.38
studyroom,2017,8,20,21,46,46,21.38
studyroom,2017,8,20,21,47,47,21.38
studyroom,2017,8,20,21,48,47,21.38
studyroom,2017,8,20,21,49,48,21.38
studyroom,2017,8,20,21,50,49,21.38
studyroom,2017,8,20,21,51,50,21.38
studyroom,2017,8,20,21,52,50,21.38
studyroom,2017,8,20,21,53,51,21.38
studyroom,2017,8,20,21,54,52,21.31
studyroom,2017,8,20,21,55,52,21.31
studyroom,2017,8,20,21,56,53,21.31
studyroom,2017,8,20,21,57,54,21.38
studyroom,2017,8,20,21,58,54,21.38
studyroom,2017,8,20,21,59,55,21.38
studyroom,2017,8,20,22,0,56,21.38
studyroom,2017,8,20,22,1,56,21.38
studyroom,2017,8,20,22,2,57,21.38
studyroom,2017,8,20,22,3,58,21.31
studyroom,2017,8,20,22,4,58,21.38
studyroom,2017,8,20,22,5,59,21.38
studyroom,2017,8,20,22,7,0,21.38
studyroom,2017,8,20,22,8,0,21.38
studyroom,2017,8,20,22,9,1,21.38
studyroom,2017,8,20,22,10,2,21.38
studyroom,2017,8,20,22,11,2,21.38
studyroom,2017,8,20,22,12,3,21.38
studyroom,2017,8,20,22,13,4,21.31
studyroom,2017,8,20,22,14,4,21.38
studyroom,2017,8,20,22,15,5,21.38
studyroom,2017,8,20,22,16,6,21.38
studyroom,2017,8,20,22,17,6,21.38
studyroom,2017,8,20,22,18,7,21.38
studyroom,2017,8,20,22,19,7,21.38
studyroom,2017,8,20,22,20,8,21.38
studyroom,2017,8,20,22,21,9,21.38
studyroom,2017,8,20,22,22,9,21.38
studyroom,2017,8,20,22,23,10,21.38
studyroom,2017,8,20,22,24,11,21.38
studyroom,2017,8,20,22,25,11,21.38
studyroom,2017,8,20,22,26,12,21.38
studyroom,2017,8,20,22,27,13,21.38
studyroom,2017,8,20,22,28,13,21.38
studyroom,2017,8,20,22,29,14,21.38
studyroom,2017,8,20,22,30,15,21.38
studyroom,2017,8,20,22,31,15,21.38
studyroom,2017,8,20,22,32,16,21.38
studyroom,2017,8,20,22,33,17,21.38
studyroom,2017,8,20,22,34,17,21.38
studyroom,2017,8,20,22,35,18,21.38
studyroom,2017,8,20,22,36,18,21.38
studyroom,2017,8,20,22,37,19,21.38
studyroom,2017,8,20,22,38,20,21.38
studyroom,2017,8,20,22,39,20,21.38
studyroom,2017,8,20,22,40,21,21.38
studyroom,2017,8,20,22,41,22,21.38
studyroom,2017,8,20,22,42,22,21.38
studyroom,2017,8,20,22,43,23,21.38
studyroom,2017,8,20,22,44,24,21.38
studyroom,2017,8,20,22,45,25,21.38
studyroom,2017,8,20,22,46,25,21.38
studyroom,2017,8,20,22,47,26,21.38
studyroom,2017,8,20,22,48,27,21.38
studyroom,2017,8,20,22,49,27,21.38
studyroom,2017,8,20,22,50,28,21.38
studyroom,2017,8,20,22,51,29,21.38
studyroom,2017,8,20,22,52,29,21.38
studyroom,2017,8,20,22,53,30,21.38
studyroom,2017,8,20,22,54,31,21.38
studyroom,2017,8,20,22,55,32,21.38
studyroom,2017,8,20,22,56,32,21.38
studyroom,2017,8,20,22,57,33,21.38
studyroom,2017,8,20,22,58,34,21.38
studyroom,2017,8,20,22,59,34,21.38
studyroom,2017,8,20,23,0,35,21.38
studyroom,2017,8,20,23,1,35,21.38
studyroom,2017,8,20,23,2,36,21.38
studyroom,2017,8,20,23,3,37,21.31
studyroom,2017,8,20,23,4,37,21.38
studyroom,2017,8,20,23,5,38,21.38
studyroom,2017,8,20,23,6,39,21.38
studyroom,2017,8,20,23,7,39,21.38
studyroom,2017,8,20,23,8,40,21.38
studyroom,2017,8,20,23,9,41,21.38
studyroom,2017,8,20,23,10,41,21.31
studyroom,2017,8,20,23,11,42,21.31
studyroom,2017,8,20,23,12,43,21.38
studyroom,2017,8,20,23,13,43,21.31
studyroom,2017,8,20,23,14,44,21.31
studyroom,2017,8,20,23,15,45,21.31
studyroom,2017,8,20,23,16,45,21.31
studyroom,2017,8,20,23,17,46,21.31
studyroom,2017,8,20,23,18,46,21.31
studyroom,2017,8,20,23,19,47,21.31
studyroom,2017,8,20,23,20,48,21.38
studyroom,2017,8,20,23,21,48,21.31
studyroom,2017,8,20,23,22,49,21.31
studyroom,2017,8,20,23,23,50,21.31
studyroom,2017,8,20,23,24,50,21.31
studyroom,2017,8,20,23,25,51,21.31
studyroom,2017,8,20,23,26,52,21.31
studyroom,2017,8,20,23,27,52,21.31
studyroom,2017,8,20,23,28,53,21.31
studyroom,2017,8,20,23,29,53,21.31
studyroom,2017,8,20,23,30,54,21.31
studyroom,2017,8,20,23,31,55,21.31
studyroom,2017,8,20,23,32,55,21.31
studyroom,2017,8,20,23,33,56,21.31
studyroom,2017,8,20,23,34,57,21.31
studyroom,2017,8,20,23,35,57,21.31
studyroom,2017,8,20,23,36,58,21.31
studyroom,2017,8,20,23,37,58,21.31
studyroom,2017,8,20,23,38,59,21.31
studyroom,2017,8,20,23,40,0,21.31
studyroom,2017,8,20,23,41,0,21.31
studyroom,2017,8,20,23,42,1,21.25
studyroom,2017,8,20,23,43,1,21.25
studyroom,2017,8,20,23,44,2,21.25
studyroom,2017,8,20,23,45,3,21.25
studyroom,2017,8,20,23,46,3,21.25
studyroom,2017,8,20,23,47,4,21.25
studyroom,2017,8,20,23,48,4,21.25
studyroom,2017,8,20,23,49,5,21.25
studyroom,2017,8,20,23,50,5,21.25
studyroom,2017,8,20,23,51,6,21.25
studyroom,2017,8,20,23,52,7,21.25
studyroom,2017,8,20,23,53,7,21.25
studyroom,2017,8,20,23,54,8,21.25
studyroom,2017,8,20,23,55,9,21.19
studyroom,2017,8,20,23,56,9,21.19
studyroom,2017,8,20,23,57,10,21.19
studyroom,2017,8,20,23,58,10,21.19
studyroom,2017,8,20,23,59,11,21.19
studyroom,2017,8,20,24,0,11,21.19
studyroom,2017,8,20,24,1,12,21.19
studyroom,2017,8,20,24,2,13,21.19
studyroom,2017,8,20,24,3,13,21.19
studyroom,2017,8,20,24,4,14,21.19
studyroom,2017,8,20,24,5,14,21.19
studyroom,2017,8,20,24,6,15,21.19
studyroom,2017,8,20,24,7,16,21.12
studyroom,2017,8,20,24,8,16,21.12
studyroom,2017,8,20,24,9,17,21.12
studyroom,2017,8,20,24,10,17,21.12
studyroom,2017,8,20,24,11,18,21.12
studyroom,2017,8,20,24,12,18,21.12
studyroom,2017,8,20,24,13,19,21.12
studyroom,2017,8,20,24,14,20,21.12
studyroom,2017,8,20,24,15,20,21.12
studyroom,2017,8,20,24,16,21,21.12
studyroom,2017,8,20,24,17,21,21.12
studyroom,2017,8,20,24,18,22,21.19
studyroom,2017,8,20,24,19,23,21.19
studyroom,2017,8,20,24,20,23,21.19
studyroom,2017,8,20,24,21,24,21.19
studyroom,2017,8,20,24,22,25,21.12
studyroom,2017,8,20,24,23,25,21.12
studyroom,2017,8,20,24,24,26,21.12
studyroom,2017,8,20,24,25,27,21.12
studyroom,2017,8,20,24,26,27,21.12
studyroom,2017,8,20,24,27,28,21.06
studyroom,2017,8,20,24,28,29,21.06
studyroom,2017,8,20,24,29,29,21.06
studyroom,2017,8,20,24,30,30,21.06
studyroom,2017,8,20,24,31,30,21.06
studyroom,2017,8,20,24,32,31,21.06
studyroom,2017,8,20,24,33,32,21.06
studyroom,2017,8,20,24,34,32,21.06
studyroom,2017,8,20,24,35,33,21.06
studyroom,2017,8,20,24,36,33,21.06
studyroom,2017,8,20,24,37,34,21.06
studyroom,2017,8,20,24,38,35,21.06
studyroom,2017,8,20,24,39,35,21.06
studyroom,2017,8,20,24,40,36,21.06
studyroom,2017,8,20,24,41,37,21.00
studyroom,2017,8,20,24,42,37,21.06
studyroom,2017,8,20,24,43,38,21.06
studyroom,2017,8,20,24,44,39,21.06
studyroom,2017,8,20,24,45,39,21.06
studyroom,2017,8,20,24,46,40,21.12
studyroom,2017,8,20,24,47,41,21.12
studyroom,2017,8,20,24,48,41,21.06
studyroom,2017,8,20,24,49,42,21.06
studyroom,2017,8,20,24,50,43,21.00
studyroom,2017,8,20,24,51,43,21.00
studyroom,2017,8,20,24,52,44,20.94
studyroom,2017,8,20,24,53,45,20.94
studyroom,2017,8,20,24,54,46,20.88
studyroom,2017,8,20,24,55,46,20.88
studyroom,2017,8,20,24,56,47,20.81
studyroom,2017,8,20,24,57,48,20.81
studyroom,2017,8,20,24,58,48,20.81
studyroom,2017,8,20,24,59,49,20.81
studyroom,2017,8,20,25,0,50,20.81
studyroom,2017,8,20,25,1,51,20.81
studyroom,2017,8,20,25,2,51,20.75
studyroom,2017,8,20,25,3,52,20.75
studyroom,2017,8,20,25,4,53,20.75
studyroom,2017,8,20,25,5,54,20.75
studyroom,2017,8,20,25,6,54,20.75
studyroom,2017,8,20,25,7,55,20.69
studyroom,2017,8,20,25,8,56,20.69
studyroom,2017,8,20,25,9,57,20.69
studyroom,2017,8,20,25,10,57,20.69
studyroom,2017,8,20,25,11,58,20.69
studyroom,2017,8,20,25,12,59,20.69
studyroom,2017,8,20,25,14,0,20.69
studyroom,2017,8,20,25,15,1,20.69
studyroom,2017,8,20,25,16,1,20.69
studyroom,2017,8,20,25,17,2,20.69
studyroom,2017,8,20,25,18,3,20.69
studyroom,2017,8,20,25,19,4,20.63
studyroom,2017,8,20,25,20,5,20.63
studyroom,2017,8,20,25,21,5,20.63
studyroom,2017,8,20,25,22,6,20.69
studyroom,2017,8,20,25,23,7,20.63
studyroom,2017,8,20,25,24,8,20.63
studyroom,2017,8,20,25,25,8,20.63
studyroom,2017,8,20,25,26,9,20.63
studyroom,2017,8,20,25,27,10,20.63
studyroom,2017,8,20,25,28,11,20.63
studyroom,2017,8,20,25,29,12,20.63
studyroom,2017,8,20,25,30,12,20.63
studyroom,2017,8,20,25,31,13,20.56
studyroom,2017,8,20,25,32,14,20.56
studyroom,2017,8,20,25,33,15,20.56
studyroom,2017,8,20,25,34,16,20.56
studyroom,2017,8,20,25,35,17,20.56
studyroom,2017,8,20,25,36,17,20.56
studyroom,2017,8,20,25,37,18,20.56
studyroom,2017,8,20,25,38,19,20.56
studyroom,2017,8,20,25,39,20,20.63
studyroom,2017,8,20,25,40,21,20.63
studyroom,2017,8,20,25,41,21,20.56
studyroom,2017,8,20,25,42,22,20.56
studyroom,2017,8,20,25,43,23,20.56
studyroom,2017,8,20,25,44,24,20.56
studyroom,2017,8,20,25,45,25,20.56
studyroom,2017,8,20,25,46,26,20.56
studyroom,2017,8,20,25,47,26,20.56
studyroom,2017,8,20,25,48,27,20.63
studyroom,2017,8,20,25,49,28,20.63
studyroom,2017,8,20,25,50,29,20.56
studyroom,2017,8,20,25,51,30,20.56
studyroom,2017,8,20,25,52,31,20.56
studyroom,2017,8,20,25,53,31,20.56
studyroom,2017,8,20,25,54,32,20.56
studyroom,2017,8,20,25,55,33,20.56
studyroom,2017,8,20,25,56,34,20.56
studyroom,2017,8,20,25,57,35,20.56
studyroom,2017,8,20,25,58,36,20.50
studyroom,2017,8,20,25,59,36,20.50
studyroom,2017,8,21,2,0,37,20.50
studyroom,2017,8,21,2,1,38,20.50
studyroom,2017,8,21,2,2,39,20.50
studyroom,2017,8,21,2,3,40,20.50
studyroom,2017,8,21,2,4,41,20.50
studyroom,2017,8,21,2,5,41,20.56
studyroom,2017,8,21,2,6,42,20.56
studyroom,2017,8,21,2,7,43,20.56
studyroom,2017,8,21,2,8,44,20.50
studyroom,2017,8,21,2,9,45,20.50
studyroom,2017,8,21,2,10,46,20.50
studyroom,2017,8,21,2,11,47,20.50
studyroom,2017,8,21,2,12,47,20.50
studyroom,2017,8,21,2,13,48,20.50
studyroom,2017,8,21,2,14,49,20.50
studyroom,2017,8,21,2,15,50,20.44
studyroom,2017,8,21,2,16,51,20.44
studyroom,2017,8,21,2,17,52,20.44
studyroom,2017,8,21,2,18,53,20.44
studyroom,2017,8,21,2,19,53,20.44
studyroom,2017,8,21,2,20,54,20.44
studyroom,2017,8,21,2,21,55,20.44
studyroom,2017,8,21,2,22,56,20.44
studyroom,2017,8,21,2,23,57,20.44
studyroom,2017,8,21,2,24,58,20.50
studyroom,2017,8,21,2,25,59,20.50
studyroom,2017,8,21,2,26,59,20.50
studyroom,2017,8,21,2,28,0,20.50
studyroom,2017,8,21,2,29,1,20.50
studyroom,2017,8,21,2,30,2,20.50
studyroom,2017,8,21,2,31,3,20.44
studyroom,2017,8,21,2,32,4,20.44
studyroom,2017,8,21,2,33,5,20.44
studyroom,2017,8,21,2,34,6,20.44
studyroom,2017,8,21,2,35,7,20.44
studyroom,2017,8,21,2,36,7,20.50
studyroom,2017,8,21,2,37,8,20.50
studyroom,2017,8,21,2,38,9,20.44
studyroom,2017,8,21,2,39,10,20.44
studyroom,2017,8,21,2,40,11,20.44
studyroom,2017,8,21,2,41,12,20.44
studyroom,2017,8,21,2,42,13,20.44
studyroom,2017,8,21,2,43,14,20.44
studyroom,2017,8,21,2,44,15,20.50
studyroom,2017,8,21,2,45,15,20.50
studyroom,2017,8,21,2,46,16,20.44
studyroom,2017,8,21,2,47,17,20.44
studyroom,2017,8,21,2,48,18,20.44
studyroom,2017,8,21,2,49,19,20.44
studyroom,2017,8,21,2,50,20,20.44
studyroom,2017,8,21,2,51,21,20.44
studyroom,2017,8,21,2,52,22,20.44
studyroom,2017,8,21,2,53,23,20.38
studyroom,2017,8,21,2,54,24,20.38
studyroom,2017,8,21,2,55,25,20.44
studyroom,2017,8,21,2,56,26,20.38
studyroom,2017,8,21,2,57,27,20.44
studyroom,2017,8,21,2,58,28,20.44
studyroom,2017,8,21,2,59,28,20.44
studyroom,2017,8,21,3,0,29,20.44
studyroom,2017,8,21,3,1,30,20.44
studyroom,2017,8,21,3,2,31,20.44
studyroom,2017,8,21,3,3,32,20.44
studyroom,2017,8,21,3,4,33,20.38
studyroom,2017,8,21,3,5,34,20.38
studyroom,2017,8,21,3,6,35,20.44
studyroom,2017,8,21,3,7,36,20.44
studyroom,2017,8,21,3,8,37,20.38
studyroom,2017,8,21,3,9,38,20.38
studyroom,2017,8,21,3,10,39,20.38
studyroom,2017,8,21,3,11,40,20.31
studyroom,2017,8,21,3,12,41,20.31
studyroom,2017,8,21,3,13,41,20.31
studyroom,2017,8,21,3,14,42,20.31
studyroom,2017,8,21,3,15,43,20.25
studyroom,2017,8,21,3,16,44,20.31
studyroom,2017,8,21,3,17,45,20.31
studyroom,2017,8,21,3,18,46,20.31
studyroom,2017,8,21,3,19,47,20.31
studyroom,2017,8,21,3,20,48,20.31
studyroom,2017,8,21,3,21,49,20.31
studyroom,2017,8,21,3,22,50,20.38
studyroom,2017,8,21,3,23,51,20.31
studyroom,2017,8,21,3,24,52,20.31
studyroom,2017,8,21,3,25,53,20.31
studyroom,2017,8,21,3,26,54,20.31
studyroom,2017,8,21,3,27,55,20.31
studyroom,2017,8,21,3,28,56,20.31
studyroom,2017,8,21,3,29,57,20.31
studyroom,2017,8,21,3,30,58,20.31
studyroom,2017,8,21,3,31,59,20.31
studyroom,2017,8,21,3,33,0,20.31
studyroom,2017,8,21,3,34,1,20.31
studyroom,2017,8,21,3,35,2,20.31
studyroom,2017,8,21,3,36,3,20.31
studyroom,2017,8,21,3,37,4,20.25
studyroom,2017,8,21,3,38,5,20.31
studyroom,2017,8,21,3,39,6,20.31
studyroom,2017,8,21,3,40,7,20.31
studyroom,2017,8,21,3,41,8,20.31
studyroom,2017,8,21,3,42,9,20.38
studyroom,2017,8,21,3,43,10,20.31
studyroom,2017,8,21,3,44,11,20.38
studyroom,2017,8,21,3,45,12,20.38
studyroom,2017,8,21,3,46,13,20.31
studyroom,2017,8,21,3,47,14,20.31
studyroom,2017,8,21,3,48,15,20.25
studyroom,2017,8,21,3,49,16,20.25
studyroom,2017,8,21,3,50,17,20.25
studyroom,2017,8,21,3,51,18,20.25
studyroom,2017,8,21,3,52,19,20.25
studyroom,2017,8,21,3,53,20,20.25
studyroom,2017,8,21,3,54,21,20.25
studyroom,2017,8,21,3,55,22,20.25
studyroom,2017,8,21,3,56,23,20.25
studyroom,2017,8,21,3,57,24,20.25
studyroom,2017,8,21,3,58,25,20.25
studyroom,2017,8,21,3,59,26,20.25
studyroom,2017,8,21,4,0,27,20.25
studyroom,2017,8,21,4,1,28,20.25
studyroom,2017,8,21,4,2,29,20.25
studyroom,2017,8,21,4,3,30,20.25
studyroom,2017,8,21,4,4,31,20.25
studyroom,2017,8,21,4,5,32,20.25
studyroom,2017,8,21,4,6,33,20.25
studyroom,2017,8,21,4,7,34,20.25
studyroom,2017,8,21,4,8,35,20.25
studyroom,2017,8,21,4,9,36,20.25
studyroom,2017,8,21,4,10,37,20.25
studyroom,2017,8,21,4,11,38,20.25
studyroom,2017,8,21,4,12,39,20.25
studyroom,2017,8,21,4,13,40,20.25
studyroom,2017,8,21,4,14,42,20.19
studyroom,2017,8,21,4,15,43,20.25
studyroom,2017,8,21,4,16,44,20.19
studyroom,2017,8,21,4,17,45,20.25
studyroom,2017,8,21,4,18,46,20.19
studyroom,2017,8,21,4,19,47,20.19
studyroom,2017,8,21,4,20,48,20.19
studyroom,2017,8,21,4,21,49,20.19
studyroom,2017,8,21,4,22,50,20.19
studyroom,2017,8,21,4,23,51,20.19
studyroom,2017,8,21,4,24,52,20.19
studyroom,2017,8,21,4,25,53,20.19
studyroom,2017,8,21,4,26,54,20.19
studyroom,2017,8,21,4,27,55,20.19
studyroom,2017,8,21,4,28,56,20.19
studyroom,2017,8,21,4,29,57,20.19
studyroom,2017,8,21,4,30,58,20.13
studyroom,2017,8,21,4,31,59,20.13
studyroom,2017,8,21,4,33,0,20.19
studyroom,2017,8,21,4,34,1,20.13
studyroom,2017,8,21,4,35,2,20.13
studyroom,2017,8,21,4,36,3,20.13
studyroom,2017,8,21,4,37,5,20.19
studyroom,2017,8,21,4,38,6,20.19
studyroom,2017,8,21,4,39,7,20.19
studyroom,2017,8,21,4,40,8,20.19
studyroom,2017,8,21,4,41,9,20.19
studyroom,2017,8,21,4,42,10,20.19
studyroom,2017,8,21,4,43,11,20.19
studyroom,2017,8,21,4,44,12,20.19
studyroom,2017,8,21,4,45,13,20.19
studyroom,2017,8,21,4,46,14,20.13
studyroom,2017,8,21,4,47,15,20.13
studyroom,2017,8,21,4,48,16,20.13
studyroom,2017,8,21,4,49,17,20.13
studyroom,2017,8,21,4,50,18,20.13
studyroom,2017,8,21,4,51,19,20.13
studyroom,2017,8,21,4,52,20,20.13
studyroom,2017,8,21,4,53,21,20.13
studyroom,2017,8,21,4,54,23,20.13
studyroom,2017,8,21,4,55,24,20.13
studyroom,2017,8,21,4,56,25,20.13
studyroom,2017,8,21,4,57,26,20.13
studyroom,2017,8,21,4,58,27,20.13
studyroom,2017,8,21,4,59,28,20.06
studyroom,2017,8,21,5,0,29,20.06
studyroom,2017,8,21,5,1,30,20.06
studyroom,2017,8,21,5,2,31,20.06
studyroom,2017,8,21,5,3,33,20.06
studyroom,2017,8,21,5,4,34,20.06
studyroom,2017,8,21,5,5,35,20.06
studyroom,2017,8,21,5,6,36,20.06
studyroom,2017,8,21,5,7,37,20.06
studyroom,2017,8,21,5,8,38,20.00
studyroom,2017,8,21,5,9,39,20.00
studyroom,2017,8,21,5,10,40,20.06
studyroom,2017,8,21,5,11,41,20.06
studyroom,2017,8,21,5,12,42,20.06
studyroom,2017,8,21,5,13,43,20.06
studyroom,2017,8,21,5,14,45,20.06
studyroom,2017,8,21,5,15,46,20.00
studyroom,2017,8,21,5,16,47,20.00
studyroom,2017,8,21,5,17,48,20.00
studyroom,2017,8,21,5,18,49,20.00
studyroom,2017,8,21,5,19,50,20.00
studyroom,2017,8,21,5,20,51,20.00
studyroom,2017,8,21,5,21,52,20.00
studyroom,2017,8,21,5,22,53,20.00
studyroom,2017,8,21,5,23,55,20.00
studyroom,2017,8,21,5,24,56,20.00
studyroom,2017,8,21,5,25,57,20.00
studyroom,2017,8,21,5,26,58,20.00
studyroom,2017,8,21,5,27,59,20.00
studyroom,2017,8,21,5,29,0,19.94
studyroom,2017,8,21,5,30,1,20.00
studyroom,2017,8,21,5,31,2,20.00
studyroom,2017,8,21,5,32,3,20.00
studyroom,2017,8,21,5,33,4,20.00
studyroom,2017,8,21,5,34,6,20.00
studyroom,2017,8,21,5,35,7,20.00
studyroom,2017,8,21,5,36,8,20.00
studyroom,2017,8,21,5,37,9,20.00
studyroom,2017,8,21,5,38,10,20.00
studyroom,2017,8,21,5,39,11,19.94
studyroom,2017,8,21,5,40,12,20.00
studyroom,2017,8,21,5,41,13,19.94
studyroom,2017,8,21,5,42,14,20.00
studyroom,2017,8,21,5,43,16,20.00
studyroom,2017,8,21,5,44,17,19.94
studyroom,2017,8,21,5,45,18,19.94
studyroom,2017,8,21,5,46,19,20.00
studyroom,2017,8,21,5,47,20,19.94
studyroom,2017,8,21,5,48,21,20.00
studyroom,2017,8,21,5,49,22,20.00
studyroom,2017,8,21,5,50,24,19.94
studyroom,2017,8,21,5,51,25,19.94
studyroom,2017,8,21,5,52,26,19.94
studyroom,2017,8,21,5,53,27,19.94
studyroom,2017,8,21,5,54,28,19.94
studyroom,2017,8,21,5,55,29,19.94
studyroom,2017,8,21,5,56,30,19.94
studyroom,2017,8,21,5,57,32,19.94
studyroom,2017,8,21,5,58,33,19.94
studyroom,2017,8,21,5,59,34,19.94
studyroom,2017,8,21,6,0,35,19.94
studyroom,2017,8,21,6,1,36,19.94
studyroom,2017,8,21,6,2,37,20.00
studyroom,2017,8,21,6,3,39,19.94
studyroom,2017,8,21,6,4,40,19.94
studyroom,2017,8,21,6,5,41,20.00
studyroom,2017,8,21,6,6,42,20.00
studyroom,2017,8,21,6,7,43,19.94
studyroom,2017,8,21,6,8,44,20.00
studyroom,2017,8,21,6,9,46,20.00
studyroom,2017,8,21,6,10,47,19.94
studyroom,2017,8,21,6,11,48,20.00
studyroom,2017,8,21,6,12,49,20.00
studyroom,2017,8,21,6,13,50,20.06
studyroom,2017,8,21,6,14,51,20.00
studyroom,2017,8,21,6,15,52,19.94
studyroom,2017,8,21,6,16,54,19.94
studyroom,2017,8,21,6,17,55,19.94
studyroom,2017,8,21,6,18,56,19.94
studyroom,2017,8,21,6,19,57,19.94
studyroom,2017,8,21,6,20,58,19.94
studyroom,2017,8,21,6,22,0,19.94
studyroom,2017,8,21,6,23,1,19.94
studyroom,2017,8,21,6,24,2,19.94
studyroom,2017,8,21,6,25,3,19.94
studyroom,2017,8,21,6,26,4,19.94
studyroom,2017,8,21,6,27,5,19.94
studyroom,2017,8,21,6,28,7,19.94
studyroom,2017,8,21,6,29,8,19.94
studyroom,2017,8,21,6,30,9,19.94
studyroom,2017,8,21,6,31,10,19.94
studyroom,2017,8,21,6,32,11,19.94
studyroom,2017,8,21,6,33,12,19.94
studyroom,2017,8,21,6,34,14,19.94
studyroom,2017,8,21,6,35,15,19.94
studyroom,2017,8,21,6,36,16,19.94
studyroom,2017,8,21,6,37,17,19.94
studyroom,2017,8,21,6,38,18,19.94
studyroom,2017,8,21,6,39,20,19.94
studyroom,2017,8,21,6,40,21,19.94
studyroom,2017,8,21,6,41,22,19.94
studyroom,2017,8,21,6,42,23,19.94
studyroom,2017,8,21,6,43,24,19.94
studyroom,2017,8,21,6,44,25,19.94
studyroom,2017,8,21,6,45,27,19.94
studyroom,2017,8,21,6,46,28,19.94
studyroom,2017,8,21,6,47,29,19.94
studyroom,2017,8,21,6,48,30,19.94
studyroom,2017,8,21,6,49,31,19.94
studyroom,2017,8,21,6,50,32,19.94
studyroom,2017,8,21,6,51,34,19.94
studyroom,2017,8,21,6,52,35,19.94
studyroom,2017,8,21,6,53,36,19.94
studyroom,2017,8,21,6,54,37,19.94
studyroom,2017,8,21,6,55,38,20.00
studyroom,2017,8,21,6,56,39,20.00
studyroom,2017,8,21,6,57,41,20.00
studyroom,2017,8,21,6,58,42,20.00
studyroom,2017,8,21,6,59,43,20.00
studyroom,2017,8,21,7,0,44,20.00
studyroom,2017,8,21,7,1,46,20.00
studyroom,2017,8,21,7,2,47,20.00
studyroom,2017,8,21,7,3,48,20.00
studyroom,2017,8,21,7,4,49,20.00
studyroom,2017,8,21,7,5,50,19.94
studyroom,2017,8,21,7,6,51,19.94
studyroom,2017,8,21,7,7,53,19.94
studyroom,2017,8,21,7,8,54,19.88
studyroom,2017,8,21,7,9,55,19.88
studyroom,2017,8,21,7,10,56,19.88
studyroom,2017,8,21,7,11,57,19.88
studyroom,2017,8,21,7,12,58,19.94
studyroom,2017,8,21,7,14,0,19.88
studyroom,2017,8,21,7,15,1,19.88
studyroom,2017,8,21,7,16,2,19.94
studyroom,2017,8,21,7,17,3,19.94
studyroom,2017,8,21,7,18,4,19.94
studyroom,2017,8,21,7,19,6,19.88
studyroom,2017,8,21,7,20,7,19.94
studyroom,2017,8,21,7,21,8,19.94
studyroom,2017,8,21,7,22,9,19.94
studyroom,2017,8,21,7,23,10,19.94
studyroom,2017,8,21,7,24,11,19.94
studyroom,2017,8,21,7,25,12,19.94
studyroom,2017,8,21,7,26,14,19.94
studyroom,2017,8,21,7,27,15,19.94
studyroom,2017,8,21,7,28,16,19.94
studyroom,2017,8,21,7,29,17,19.94
studyroom,2017,8,21,7,30,18,19.94
studyroom,2017,8,21,7,31,20,19.94
studyroom,2017,8,21,7,32,21,19.94
studyroom,2017,8,21,7,33,22,19.88
studyroom,2017,8,21,7,34,23,19.94
studyroom,2017,8,21,7,35,24,19.94
studyroom,2017,8,21,7,36,25,19.94
studyroom,2017,8,21,7,37,27,19.94
studyroom,2017,8,21,7,38,28,19.94
studyroom,2017,8,21,7,39,29,19.94
studyroom,2017,8,21,7,40,30,19.94
studyroom,2017,8,21,7,41,31,20.00
studyroom,2017,8,21,7,42,33,19.94
studyroom,2017,8,21,7,43,34,19.94
studyroom,2017,8,21,7,44,35,19.94
studyroom,2017,8,21,7,45,36,19.94
studyroom,2017,8,21,7,46,37,20.00
studyroom,2017,8,21,7,47,39,19.94
studyroom,2017,8,21,7,48,40,19.94
studyroom,2017,8,21,7,49,41,20.00
studyroom,2017,8,21,7,50,42,19.94
studyroom,2017,8,21,7,51,43,19.94
studyroom,2017,8,21,7,52,45,19.94
studyroom,2017,8,21,7,53,46,19.94
studyroom,2017,8,21,7,54,47,19.94
studyroom,2017,8,21,7,55,48,20.00
studyroom,2017,8,21,7,56,49,20.00
studyroom,2017,8,21,7,57,51,20.00
studyroom,2017,8,21,7,58,52,20.00
studyroom,2017,8,21,7,59,53,20.00
studyroom,2017,8,21,8,0,54,20.00
studyroom,2017,8,21,8,1,55,20.00
studyroom,2017,8,21,8,2,57,20.00
studyroom,2017,8,21,8,3,58,20.00
studyroom,2017,8,21,8,4,59,20.00
studyroom,2017,8,21,8,6,0,20.06
studyroom,2017,8,21,8,7,2,20.00
studyroom,2017,8,21,8,8,3,20.06
studyroom,2017,8,21,8,9,4,20.13
studyroom,2017,8,21,8,10,5,20.06
studyroom,2017,8,21,8,11,6,20.13
studyroom,2017,8,21,8,12,8,20.13
studyroom,2017,8,21,8,13,9,20.06
studyroom,2017,8,21,8,14,10,20.13
studyroom,2017,8,21,8,15,11,20.13
studyroom,2017,8,21,8,16,12,20.06
studyroom,2017,8,21,8,17,14,20.06
studyroom,2017,8,21,8,18,15,20.13
studyroom,2017,8,21,8,19,16,20.13
studyroom,2017,8,21,8,20,17,20.13
studyroom,2017,8,21,8,21,18,20.13
studyroom,2017,8,21,8,22,19,20.19
studyroom,2017,8,21,8,23,21,20.19
studyroom,2017,8,21,8,24,22,20.13
studyroom,2017,8,21,8,25,23,20.19
studyroom,2017,8,21,8,26,24,20.19
studyroom,2017,8,21,8,27,25,20.19
studyroom,2017,8,21,8,28,26,20.19
studyroom,2017,8,21,8,29,28,20.19
studyroom,2017,8,21,8,30,29,20.19
studyroom,2017,8,21,8,31,30,20.13
studyroom,2017,8,21,8,32,31,20.19
studyroom,2017,8,21,8,33,32,20.19
studyroom,2017,8,21,8,34,33,20.19
studyroom,2017,8,21,8,35,35,20.19
studyroom,2017,8,21,8,36,36,20.19
studyroom,2017,8,21,8,37,37,20.19
studyroom,2017,8,21,8,38,38,20.19
studyroom,2017,8,21,8,39,39,20.25
studyroom,2017,8,21,8,40,40,20.19
studyroom,2017,8,21,8,41,41,20.19
studyroom,2017,8,21,8,42,42,20.19
studyroom,2017,8,21,8,43,44,20.13
studyroom,2017,8,21,8,44,45,20.19
studyroom,2017,8,21,8,45,46,20.13
studyroom,2017,8,21,8,46,47,20.13
studyroom,2017,8,21,8,47,48,20.19
studyroom,2017,8,21,8,48,49,20.19
studyroom,2017,8,21,8,49,50,20.19
studyroom,2017,8,21,8,50,51,20.19
studyroom,2017,8,21,8,51,52,20.19
studyroom,2017,8,21,8,52,54,20.19
studyroom,2017,8,21,8,53,55,20.19
studyroom,2017,8,21,8,54,56,20.19
studyroom,2017,8,21,8,55,57,20.25
studyroom,2017,8,21,8,56,58,20.25
studyroom,2017,8,21,8,57,59,20.25
studyroom,2017,8,21,8,59,0,20.19
studyroom,2017,8,21,9,0,1,20.19
studyroom,2017,8,21,9,1,3,20.19
studyroom,2017,8,21,9,2,4,20.19
studyroom,2017,8,21,9,3,5,20.19
studyroom,2017,8,21,9,4,6,20.19
studyroom,2017,8,21,9,5,7,20.25
studyroom,2017,8,21,9,6,8,20.25
studyroom,2017,8,21,9,7,9,20.25
studyroom,2017,8,21,9,8,11,20.25
studyroom,2017,8,21,9,9,12,20.25
studyroom,2017,8,21,9,10,13,20.25
studyroom,2017,8,21,9,11,14,20.25
studyroom,2017,8,21,9,12,15,20.25
studyroom,2017,8,21,9,13,16,20.25
studyroom,2017,8,21,9,14,17,20.25
studyroom,2017,8,21,9,15,18,20.19
studyroom,2017,8,21,9,16,20,20.19
studyroom,2017,8,21,9,17,21,20.19
studyroom,2017,8,21,9,18,22,20.25
studyroom,2017,8,21,9,19,23,20.19
studyroom,2017,8,21,9,20,24,20.19
studyroom,2017,8,21,9,21,25,20.19
studyroom,2017,8,21,9,22,26,20.19
studyroom,2017,8,21,9,23,27,20.19
studyroom,2017,8,21,9,24,28,20.19
studyroom,2017,8,21,9,25,29,20.19
studyroom,2017,8,21,9,26,30,20.19
studyroom,2017,8,21,9,27,31,20.19
studyroom,2017,8,21,9,28,32,20.19
studyroom,2017,8,21,9,29,33,20.25
studyroom,2017,8,21,9,30,34,20.25
studyroom,2017,8,21,9,31,35,20.25
studyroom,2017,8,21,9,32,36,20.25
studyroom,2017,8,21,9,33,37,20.25
studyroom,2017,8,21,9,34,39,20.31
studyroom,2017,8,21,9,35,40,20.31
studyroom,2017,8,21,9,36,41,20.31
studyroom,2017,8,21,9,37,42,20.31
studyroom,2017,8,21,9,38,43,20.31
studyroom,2017,8,21,9,39,44,20.31
studyroom,2017,8,21,9,40,45,20.31
studyroom,2017,8,21,9,41,46,20.31
studyroom,2017,8,21,9,42,47,20.38
studyroom,2017,8,21,9,43,48,20.38
studyroom,2017,8,21,9,44,49,20.38
studyroom,2017,8,21,9,45,50,20.38
studyroom,2017,8,21,9,46,51,20.38
studyroom,2017,8,21,9,47,52,20.38
studyroom,2017,8,21,9,48,53,20.38
studyroom,2017,8,21,9,49,54,20.44
studyroom,2017,8,21,9,50,55,20.44
studyroom,2017,8,21,9,51,56,20.38
studyroom,2017,8,21,9,52,57,20.44
studyroom,2017,8,21,9,53,58,20.44
studyroom,2017,8,21,9,54,59,20.44
studyroom,2017,8,21,9,56,0,20.38
studyroom,2017,8,21,9,57,1,20.38
studyroom,2017,8,21,9,58,2,20.38
studyroom,2017,8,21,9,59,3,20.38
studyroom,2017,8,21,10,0,4,20.38
studyroom,2017,8,21,10,1,5,20.38
studyroom,2017,8,21,10,2,6,20.38
studyroom,2017,8,21,10,3,7,20.38
studyroom,2017,8,21,10,4,8,20.31
studyroom,2017,8,21,10,5,9,20.31
studyroom,2017,8,21,10,6,10,20.38
studyroom,2017,8,21,10,7,11,20.38
studyroom,2017,8,21,10,8,12,20.44
studyroom,2017,8,21,10,9,13,20.44
studyroom,2017,8,21,10,10,14,20.44
studyroom,2017,8,21,10,11,15,20.50
studyroom,2017,8,21,10,12,16,20.50
studyroom,2017,8,21,10,13,17,20.44
studyroom,2017,8,21,10,14,18,20.44
studyroom,2017,8,21,10,15,19,20.38
studyroom,2017,8,21,10,16,20,20.44
studyroom,2017,8,21,10,17,21,20.44
studyroom,2017,8,21,10,18,22,20.38
studyroom,2017,8,21,10,19,23,20.38
studyroom,2017,8,21,10,20,24,20.38
studyroom,2017,8,21,10,21,25,20.38
studyroom,2017,8,21,10,22,26,20.31
studyroom,2017,8,21,10,23,27,20.31
studyroom,2017,8,21,10,24,28,20.31
studyroom,2017,8,21,10,25,29,20.31
studyroom,2017,8,21,10,26,30,20.31
studyroom,2017,8,21,10,27,31,20.31
studyroom,2017,8,21,10,28,32,20.38
studyroom,2017,8,21,10,29,33,20.38
studyroom,2017,8,21,10,30,34,20.38
studyroom,2017,8,21,10,31,35,20.44
studyroom,2017,8,21,10,32,36,20.44
studyroom,2017,8,21,10,33,37,20.50
studyroom,2017,8,21,10,34,38,20.50
studyroom,2017,8,21,10,35,39,20.50
studyroom,2017,8,21,10,36,40,20.44
studyroom,2017,8,21,10,37,41,20.44
studyroom,2017,8,21,10,38,42,20.44
studyroom,2017,8,21,10,39,43,20.44
studyroom,2017,8,21,10,40,44,20.44
studyroom,2017,8,21,10,41,45,20.44
studyroom,2017,8,21,10,42,46,20.44
studyroom,2017,8,21,10,43,47,20.44
studyroom,2017,8,21,10,44,47,20.44
studyroom,2017,8,21,10,45,48,20.44
studyroom,2017,8,21,10,46,49,20.44
studyroom,2017,8,21,10,47,50,20.44
studyroom,2017,8,21,10,48,51,20.44
studyroom,2017,8,21,10,49,52,20.44
studyroom,2017,8,21,10,50,53,20.50
studyroom,2017,8,21,10,51,54,20.50
studyroom,2017,8,21,10,52,55,20.50
studyroom,2017,8,21,10,53,56,20.56
studyroom,2017,8,21,10,54,57,20.63
studyroom,2017,8,21,10,55,58,20.63
studyroom,2017,8,21,10,56,59,20.69
studyroom,2017,8,21,10,58,0,20.69
studyroom,2017,8,21,10,59,0,20.69
studyroom,2017,8,21,11,0,1,20.75
studyroom,2017,8,21,11,1,2,20.75
studyroom,2017,8,21,11,2,3,20.81
studyroom,2017,8,21,11,3,4,20.81
studyroom,2017,8,21,11,4,5,20.88
studyroom,2017,8,21,11,5,6,20.88
studyroom,2017,8,21,11,6,7,20.94
studyroom,2017,8,21,11,7,8,20.94
studyroom,2017,8,21,11,8,9,20.94
studyroom,2017,8,21,11,9,10,20.88
studyroom,2017,8,21,11,10,11,20.88
studyroom,2017,8,21,11,11,12,20.88
studyroom,2017,8,21,11,12,12,20.81
studyroom,2017,8,21,11,13,13,20.88
studyroom,2017,8,21,11,14,14,20.94
studyroom,2017,8,21,11,15,15,20.94
studyroom,2017,8,21,11,16,16,21.00
studyroom,2017,8,21,11,17,17,21.00
studyroom,2017,8,21,11,18,17,21.06
studyroom,2017,8,21,11,19,18,21.06
studyroom,2017,8,21,11,20,19,21.06
studyroom,2017,8,21,11,21,20,21.06
studyroom,2017,8,21,11,22,21,21.12
studyroom,2017,8,21,11,23,22,21.12
studyroom,2017,8,21,11,24,22,21.12
studyroom,2017,8,21,11,25,23,21.19
studyroom,2017,8,21,11,26,24,21.19
studyroom,2017,8,21,11,27,25,21.25
studyroom,2017,8,21,11,28,26,21.19
studyroom,2017,8,21,11,29,26,21.19
studyroom,2017,8,21,11,30,27,21.19
studyroom,2017,8,21,11,31,28,21.25
studyroom,2017,8,21,11,32,29,21.25
studyroom,2017,8,21,11,33,29,21.25
studyroom,2017,8,21,11,34,30,21.25
studyroom,2017,8,21,11,35,31,21.19
studyroom,2017,8,21,11,36,32,21.19
studyroom,2017,8,21,11,37,33,21.19
studyroom,2017,8,21,11,38,33,21.19
studyroom,2017,8,21,11,39,34,21.19
studyroom,2017,8,21,11,40,35,21.12
studyroom,2017,8,21,11,41,36,21.19
studyroom,2017,8,21,11,42,37,21.25
studyroom,2017,8,21,11,43,37,21.25
studyroom,2017,8,21,11,44,38,21.25
studyroom,2017,8,21,11,45,39,21.25
studyroom,2017,8,21,11,46,40,21.19
studyroom,2017,8,21,11,47,40,21.19
studyroom,2017,8,21,11,48,41,21.19
studyroom,2017,8,21,11,49,42,21.19
studyroom,2017,8,21,11,50,43,21.19
studyroom,2017,8,21,11,51,43,21.19
studyroom,2017,8,21,11,52,44,21.25
studyroom,2017,8,21,11,53,45,21.31
studyroom,2017,8,21,11,54,46,21.31
studyroom,2017,8,21,11,55,47,21.31
studyroom,2017,8,21,11,56,47,21.31
studyroom,2017,8,21,11,57,48,21.31
studyroom,2017,8,21,11,58,49,21.38
studyroom,2017,8,21,11,59,49,21.38
studyroom,2017,8,21,12,0,50,21.44
studyroom,2017,8,21,12,1,51,21.38
studyroom,2017,8,21,12,2,52,21.44
studyroom,2017,8,21,12,3,52,21.44
studyroom,2017,8,21,12,4,53,21.50
studyroom,2017,8,21,12,5,54,21.50
studyroom,2017,8,21,12,6,54,21.50
studyroom,2017,8,21,12,7,55,21.50
studyroom,2017,8,21,12,8,56,21.50
studyroom,2017,8,21,12,9,56,21.50
studyroom,2017,8,21,12,10,57,21.56
studyroom,2017,8,21,12,11,58,21.56
studyroom,2017,8,21,12,12,58,21.56
studyroom,2017,8,21,12,13,59,21.63
studyroom,2017,8,21,12,14,59,21.63
studyroom,2017,8,21,12,16,0,21.63
studyroom,2017,8,21,12,17,1,21.63
studyroom,2017,8,21,12,18,1,21.63
studyroom,2017,8,21,12,19,2,21.56
studyroom,2017,8,21,12,20,2,21.63
studyroom,2017,8,21,12,21,3,21.56
studyroom,2017,8,21,12,22,4,21.56
studyroom,2017,8,21,12,23,4,21.56
studyroom,2017,8,21,12,24,5,21.63
studyroom,2017,8,21,12,25,5,21.63
studyroom,2017,8,21,12,26,6,21.63
studyroom,2017,8,21,12,27,7,21.63
studyroom,2017,8,21,12,28,7,21.56
studyroom,2017,8,21,12,29,8,21.63
studyroom,2017,8,21,12,30,8,21.63
studyroom,2017,8,21,12,31,9,21.56
studyroom,2017,8,21,12,32,10,21.56
studyroom,2017,8,21,12,33,10,21.56
studyroom,2017,8,21,12,34,11,21.56
studyroom,2017,8,21,12,35,12,21.56
studyroom,2017,8,21,12,36,12,21.56
studyroom,2017,8,21,12,37,13,21.56
studyroom,2017,8,21,12,38,13,21.56
studyroom,2017,8,21,12,39,14,21.56
studyroom,2017,8,21,12,40,15,21.50
studyroom,2017,8,21,12,41,15,21.50
studyroom,2017,8,21,12,42,16,21.50
studyroom,2017,8,21,12,43,16,21.50
studyroom,2017,8,21,12,44,17,21.50
studyroom,2017,8,21,12,45,18,21.50
studyroom,2017,8,21,12,46,18,21.50
studyroom,2017,8,21,12,47,19,21.50
studyroom,2017,8,21,12,48,19,21.56
studyroom,2017,8,21,12,49,20,21.50
studyroom,2017,8,21,12,50,20,21.50
studyroom,2017,8,21,12,51,21,21.50
studyroom,2017,8,21,12,52,22,21.50
studyroom,2017,8,21,12,53,22,21.50
studyroom,2017,8,21,12,54,23,21.50
studyroom,2017,8,21,12,55,23,21.50
studyroom,2017,8,21,12,56,24,21.56
studyroom,2017,8,21,12,57,25,21.50
studyroom,2017,8,21,12,58,25,21.56
studyroom,2017,8,21,12,59,26,21.56
studyroom,2017,8,21,13,0,26,21.63
studyroom,2017,8,21,13,1,27,21.56
studyroom,2017,8,21,13,2,27,21.63
studyroom,2017,8,21,13,3,28,21.63
studyroom,2017,8,21,13,4,29,21.63
studyroom,2017,8,21,13,5,29,21.69
studyroom,2017,8,21,13,6,30,21.69
studyroom,2017,8,21,13,7,31,21.69
studyroom,2017,8,21,13,8,31,21.69
studyroom,2017,8,21,13,9,32,21.69
studyroom,2017,8,21,13,10,32,21.69
studyroom,2017,8,21,13,11,33,21.69
studyroom,2017,8,21,13,12,34,21.63
studyroom,2017,8,21,13,13,34,21.69
studyroom,2017,8,21,13,14,35,21.69
studyroom,2017,8,21,13,15,35,21.69
studyroom,2017,8,21,13,16,36,21.63
studyroom,2017,8,21,13,17,36,21.63
studyroom,2017,8,21,13,18,37,21.63
studyroom,2017,8,21,13,19,37,21.63
studyroom,2017,8,21,13,20,38,21.63
studyroom,2017,8,21,13,21,38,21.63
studyroom,2017,8,21,13,22,39,21.63
studyroom,2017,8,21,13,23,40,21.56
studyroom,2017,8,21,13,24,40,21.56
studyroom,2017,8,21,13,25,41,21.56
studyroom,2017,8,21,13,26,41,21.56
studyroom,2017,8,21,13,27,42,21.56
studyroom,2017,8,21,13,28,42,21.63
studyroom,2017,8,21,13,29,43,21.63
studyroom,2017,8,21,13,30,43,21.63
studyroom,2017,8,21,13,31,44,21.63
studyroom,2017,8,21,13,32,44,21.63
studyroom,2017,8,21,13,33,45,21.63
studyroom,2017,8,21,13,34,45,21.63
studyroom,2017,8,21,13,35,46,21.63
studyroom,2017,8,21,13,36,47,21.63
studyroom,2017,8,21,13,37,47,21.69
studyroom,2017,8,21,13,38,48,21.69
studyroom,2017,8,21,13,39,48,21.69
studyroom,2017,8,21,13,40,49,21.69
studyroom,2017,8,21,13,41,49,21.63
studyroom,2017,8,21,13,42,50,21.63
studyroom,2017,8,21,13,43,50,21.63
studyroom,2017,8,21,13,44,51,21.63
studyroom,2017,8,21,13,45,51,21.69
studyroom,2017,8,21,13,46,52,21.63
studyroom,2017,8,21,13,47,52,21.63
studyroom,2017,8,21,13,48,53,21.69
studyroom,2017,8,21,13,49,53,21.69
studyroom,2017,8,21,13,50,54,21.69
studyroom,2017,8,21,13,51,54,21.75
studyroom,2017,8,21,13,52,55,21.75
studyroom,2017,8,21,13,53,55,21.75
studyroom,2017,8,21,13,54,56,21.75
studyroom,2017,8,21,13,55,56,21.75
studyroom,2017,8,21,13,56,57,21.81
studyroom,2017,8,21,13,57,57,21.81
studyroom,2017,8,21,13,58,58,21.75
studyroom,2017,8,21,13,59,58,21.75
studyroom,2017,8,21,14,0,59,21.75
studyroom,2017,8,21,14,1,59,21.75
studyroom,2017,8,21,14,3,0,21.75
studyroom,2017,8,21,14,4,0,21.75
studyroom,2017,8,21,14,5,1,21.75
studyroom,2017,8,21,14,6,1,21.75
studyroom,2017,8,21,14,7,2,21.75
studyroom,2017,8,21,14,8,2,21.81
studyroom,2017,8,21,14,9,3,21.81
studyroom,2017,8,21,14,10,3,21.88
studyroom,2017,8,21,14,11,4,21.88
studyroom,2017,8,21,14,12,4,21.88
studyroom,2017,8,21,14,13,5,21.88
studyroom,2017,8,21,14,14,5,21.88
studyroom,2017,8,21,14,15,6,21.88
studyroom,2017,8,21,14,16,6,21.88
studyroom,2017,8,21,14,17,7,21.88
studyroom,2017,8,21,14,18,7,21.94
studyroom,2017,8,21,14,19,7,21.94
studyroom,2017,8,21,14,20,8,21.94
studyroom,2017,8,21,14,21,8,21.94
studyroom,2017,8,21,14,22,9,22.00
studyroom,2017,8,21,14,23,9,22.00
studyroom,2017,8,21,14,24,10,22.00
studyroom,2017,8,21,14,25,10,21.94
studyroom,2017,8,21,14,26,10,22.00
studyroom,2017,8,21,14,27,11,21.94
studyroom,2017,8,21,14,28,11,21.94
studyroom,2017,8,21,14,29,12,21.94
studyroom,2017,8,21,14,30,12,21.94
studyroom,2017,8,21,14,31,13,21.94
studyroom,2017,8,21,14,32,13,21.94
studyroom,2017,8,21,14,33,13,21.94
studyroom,2017,8,21,14,34,14,21.94
studyroom,2017,8,21,14,35,14,21.94
studyroom,2017,8,21,14,36,15,21.88
studyroom,2017,8,21,14,37,15,21.88
studyroom,2017,8,21,14,38,16,21.88
studyroom,2017,8,21,14,39,16,21.94
studyroom,2017,8,21,14,40,16,21.88
studyroom,2017,8,21,14,41,17,21.94
studyroom,2017,8,21,14,42,17,21.94
studyroom,2017,8,21,14,43,18,21.94
studyroom,2017,8,21,14,44,18,21.94
studyroom,2017,8,21,14,45,18,22.00
studyroom,2017,8,21,14,46,19,22.00
studyroom,2017,8,21,14,47,19,21.94
studyroom,2017,8,21,14,48,20,21.94
studyroom,2017,8,21,14,49,20,21.94
studyroom,2017,8,21,14,50,20,21.88
studyroom,2017,11,5,16,10,20,20.69
studyroom,2017,11,5,16,14,40,20.56
studyroom,2017,11,5,16,14,57,20.69
studyroom,2017,11,5,16,15,57,20.50
studyroom,2017,11,5,16,17,49,21.50
studyroom,2017,11,5,16,18,49,21.06
studyroom,2017,11,5,16,19,48,20.75
studyroom,2017,11,5,16,20,33,20.56
